377496,"[1.0, 264334.0, 99453.0, 13224545454.545454, 66122700000.0, 26449081818.18182, 100.0, 140818.36363636365, 92.27272727272727, 250.0, 46.0, 250.0, 2774340.0, 71.27272727272727, 2348.3636363636365]","[0.0, 0.0, 0.0, 712312124.3382978, 3561571340.9060946, 1424616047.6794388, 0.6030226891555273, 5859.6234950833, 5.136162506118376, 0.0, 0.0, 0.0, 9624.853396758359, 82.77580993710544, 706.8811489053064]","[[0.0, 0.0, 0.0, 0.0, 0.0, 0.0, 0.0, 0.0, 0.0, 0.0, 0.0, 0.0, 0.0, 0.0, 0.0], [0.0, 0.0, 0.0, 0.0, 0.0, 0.0, 0.0, 0.0, 0.0, 0.0, 0.0, 0.0, 0.0, 0.0, 0.0], [0.0, 0.0, 0.0, 0.0, 0.0, 0.0, 0.0, 0.0, 0.0, 0.0, 0.0, 0.0, 0.0, 0.0, 0.0], [0.0, 0.0, 0.0, 5.581274187272727e+17, 2.7906454910000005e+18, 1.1162484109090911e+18, -365230000.0, 4591268621818.183, 4008526363.636364, 0.0, 0.0, 0.0, -1547230740000.0, -39243113636.36364, -150640678181.81818], [0.0, 0.0, 0.0, 2.7906454910000005e+18, 1.3953269458000001e+19, 5.581258855e+18, -1826150000.0, 22956412330000.0, 20042700000.0, 0.0, 0.0, 0.0, -7735496570000.0, -196217630000.0, -753171490000.0], [0.0, 0.0, 0.0, 1.1162484109090911e+18, 5.581258855e+18, 2.2324839716363638e+18, -730460000.0, 9182484397272.727, 8017015454.545455, 0.0, 0.0, 0.0, -3094099660000.0, -78485974545.45456, -301259752727.2727], [0.0, 0.0, 0.0, -365230000.0, -1826150000.0, -730460000.0, 0.4, -3003.9, -2.7, 0.0, 0.0, 0.0, -235.4, 29.1, 135.4], [0.0, 0.0, 0.0, 4591268621818.183, 22956412330000.0, 9182484397272.727, -3003.9, 37768706.25454546, 32975.09090909091, 0.0, 0.0, 0.0, -12724286.900000002, -322878.8090909091, -1238867.9454545456], [0.0, 0.0, 0.0, 4008526363.636364, 20042700000.0, 8017015454.545455, -2.7, 32975.09090909091, 29.01818181818182, 0.0, 0.0, 0.0, -9237.5, -295.7818181818182, -1070.3090909090909], [0.0, 0.0, 0.0, 0.0, 0.0, 0.0, 0.0, 0.0, 0.0, 0.0, 0.0, 0.0, 0.0, 0.0, 0.0], [0.0, 0.0, 0.0, 0.0, 0.0, 0.0, 0.0, 0.0, 0.0, 0.0, 0.0, 0.0, 0.0, 0.0, 0.0], [0.0, 0.0, 0.0, 0.0, 0.0, 0.0, 0.0, 0.0, 0.0, 0.0, 0.0, 0.0, 0.0, 0.0, 0.0], [0.0, 0.0, 0.0, -1547230740000.0, -7735496570000.0, -3094099660000.0, -235.4, -12724286.900000002, -9237.5, 0.0, 0.0, 0.0, 101901583.2, 87870.20000000001, 1747336.9000000004], [0.0, 0.0, 0.0, -39243113636.36364, -196217630000.0, -78485974545.45456, 29.1, -322878.8090909091, -295.7818181818182, 0.0, 0.0, 0.0, 87870.20000000001, 7537.018181818183, -2899.0090909090904], [0.0, 0.0, 0.0, -150640678181.81818, -753171490000.0, -301259752727.2727, 135.4, -1238867.9454545456, -1070.3090909090909, 0.0, 0.0, 0.0, 1747336.9000000004, -2899.0090909090904, 549649.0545454546]]","[3, 4, 5, 12, 14]","[0, 1, 2, 3, 4, 5, 9, 10, 11, 12, 13, 14]"
77450,"[20.0, 61438.0, 979.0, 4877160000.0, 152411200000.0, 9754320000.0, 404.0, 96661.0, 29.300000000002907, 0.0, 172.0, 936.0370370370371, 3013711.3703703703, 54.0, 2477.4814814814813]","[0.0, 0.0, 0.0, 0.0, 0.0, 0.0, 0.0, 0.0, 7.105427357601002e-15, 0.0, 0.0, 58.83214130456335, 23683.34952090798, 5.617433182117573, 258.8530786444912]","[[0.0, 0.0, 0.0, 0.0, 0.0, 0.0, 0.0, 0.0, 0.0, 0.0, 0.0, 0.0, 0.0, 0.0, 0.0], [0.0, 0.0, 0.0, 0.0, 0.0, 0.0, 0.0, 0.0, 0.0, 0.0, 0.0, 0.0, 0.0, 0.0, 0.0], [0.0, 0.0, 0.0, 0.0, 0.0, 0.0, 0.0, 0.0, 0.0, 0.0, 0.0, 0.0, 0.0, 0.0, 0.0], [0.0, 0.0, 0.0, 0.0, 0.0, 0.0, 0.0, 0.0, 0.0, 0.0, 0.0, 0.0, 0.0, 0.0, 0.0], [0.0, 0.0, 0.0, 0.0, 0.0, 0.0, 0.0, 0.0, 0.0, 0.0, 0.0, 0.0, 0.0, 0.0, 0.0], [0.0, 0.0, 0.0, 0.0, 0.0, 0.0, 0.0, 0.0, 0.0, 0.0, 0.0, 0.0, 0.0, 0.0, 0.0], [0.0, 0.0, 0.0, 0.0, 0.0, 0.0, 0.0, 0.0, 0.0, 0.0, 0.0, 0.0, 0.0, 0.0, 0.0], [0.0, 0.0, 0.0, 0.0, 0.0, 0.0, 0.0, 0.0, 0.0, 0.0, 0.0, 0.0, 0.0, 0.0, 0.0], [0.0, 0.0, 0.0, 0.0, 0.0, 0.0, 0.0, 0.0, 5.242890939315033e-29, 0.0, 0.0, 2.174828834086236e-28, -2.5451711155477776e-25, 0.0, -1.3670352671399197e-27], [0.0, 0.0, 0.0, 0.0, 0.0, 0.0, 0.0, 0.0, 0.0, 0.0, 0.0, 0.0, 0.0, 0.0, 0.0], [0.0, 0.0, 0.0, 0.0, 0.0, 0.0, 0.0, 0.0, 0.0, 0.0, 0.0, 0.0, 0.0, 0.0, 0.0], [0.0, 0.0, 0.0, 0.0, 0.0, 0.0, 0.0, 0.0, 2.174828834086236e-28, 0.0, 0.0, 3594.344729344729, -154266.5527065527, -2.1923076923076925, -2950.7877492877487], [0.0, 0.0, 0.0, 0.0, 0.0, 0.0, 0.0, 0.0, -2.5451711155477776e-25, 0.0, 0.0, -154266.5527065527, 582474161.6267805, -3907.3461538461543, -1449068.3390313387], [0.0, 0.0, 0.0, 0.0, 0.0, 0.0, 0.0, 0.0, 0.0, 0.0, 0.0, -2.1923076923076925, -3907.3461538461543, 32.769230769230774, -282.84615384615387], [0.0, 0.0, 0.0, 0.0, 0.0, 0.0, 0.0, 0.0, -1.3670352671399197e-27, 0.0, 0.0, -2950.7877492877487, -1449068.3390313387, -282.84615384615387, 69582.0284900285]]",[8],"[0, 1, 2, 3, 4, 5, 9, 10, 11, 12, 13, 14]"
3871,"[14.0, 3504.0, 2591.0, 58949.6013986014, 147373.5104895105, 73687.75524475524, 50.0, 11.132867132867133, 5.714999235314675, 1.0, 2.0, 1.167832167832168, 3004659.006993007, 41.39160839160839, 65.34265734265735]","[0.0, 0.0, 0.0, 83190.99230018882, 207977.48707727276, 103988.74353863638, 0.0, 15.700535718550489, 8.060634479484033, 0.0, 0.0, 0.37371718086398253, 171551.68167205603, 4.4549571117601, 14.213706029476478]","[[0.0, 0.0, 0.0, 0.0, 0.0, 0.0, 0.0, 0.0, 0.0, 0.0, 0.0, 0.0, 0.0, 0.0, 0.0], [0.0, 0.0, 0.0, 0.0, 0.0, 0.0, 0.0, 0.0, 0.0, 0.0, 0.0, 0.0, 0.0, 0.0, 0.0], [0.0, 0.0, 0.0, 0.0, 0.0, 0.0, 0.0, 0.0, 0.0, 0.0, 0.0, 0.0, 0.0, 0.0, 0.0], [0.0, 0.0, 0.0, 6969478813.973808, 17423697564.97252, 8711848782.48626, 0.0, 1315236.1448832878, 675294.5202142939, 0.0, 0.0, -1417.6791096227737, -838314110.6521227, -26342.814636068197, 72780.24317935592], [0.0, 0.0, 0.0, 17423697564.97252, 43559245237.53333, 21779622618.766666, 0.0, 3288090.4598640753, 1688236.3518920802, 0.0, 0.0, -3544.1989559735953, -2095784261.4754262, -65856.94779868028, 181950.56328178864], [0.0, 0.0, 0.0, 8711848782.48626, 21779622618.766666, 10889811309.383333, 0.0, 1644045.2299320376, 844118.1759460401, 0.0, 0.0, -1772.0994779867976, -1047892130.7377131, -32928.47389934014, 90975.28164089432], [0.0, 0.0, 0.0, 0.0, 0.0, 0.0, 0.0, 0.0, 0.0, 0.0, 0.0, 0.0, 0.0, 0.0, 0.0], [0.0, 0.0, 0.0, 1315236.1448832878, 3288090.4598640753, 1644045.2299320376, 0.0, 248.242785383631, 127.43732265759887, 0.0, 0.0, -0.26189303654092466, -154261.19811878257, -5.122820841130701, 13.566827538658522], [0.0, 0.0, 0.0, 675294.5202142939, 1688236.3518920802, 844118.1759460401, 0.0, 127.43732265759887, 65.4313903823528, 0.0, 0.0, -0.13736407082783406, -81227.65238647237, -2.5524274332226953, 7.051938676546343], [0.0, 0.0, 0.0, 0.0, 0.0, 0.0, 0.0, 0.0, 0.0, 0.0, 0.0, 0.0, 0.0, 0.0, 0.0], [0.0, 0.0, 0.0, 0.0, 0.0, 0.0, 0.0, 0.0, 0.0, 0.0, 0.0, 0.0, 0.0, 0.0, 0.0], [0.0, 0.0, 0.0, -1417.6791096227737, -3544.1989559735953, -1772.0994779867976, 0.0, -0.26189303654092466, -0.13736407082783406, 0.0, 0.0, 0.1406480843100559, 8574.808677238254, -0.18590564365212262, 0.13926918152270257], [0.0, 0.0, 0.0, -838314110.6521227, -2095784261.4754262, -1047892130.7377131, 0.0, -154261.19811878257, -81227.65238647237, 0.0, 0.0, 8574.808677238254, 29637232861.16193, -96985.34078597461, -319247.9672018124], [0.0, 0.0, 0.0, -26342.814636068197, -65856.94779868028, -32928.47389934014, 0.0, -5.122820841130701, -2.5524274332226953, 0.0, 0.0, -0.18590564365212262, -96985.34078597461, 19.986407958238953, -6.318231064709938], [0.0, 0.0, 0.0, 72780.24317935592, 181950.56328178864, 90975.28164089432, 0.0, 13.566827538658522, 7.051938676546343, 0.0, 0.0, 0.13926918152270257, -319247.9672018124, -6.318231064709938, 203.45218162119556]]","[3, 4, 7, 11, 12, 13, 14]","[0, 1, 2, 3, 4, 5, 9, 10, 11, 12, 13, 14]"
453133,"[38.0, 313516.0, 161.0, 2753.8076923076924, 13985.423076923076, 3656.846153846154, 74.8076923076923, 2.0384615384615383, 2.7265045992307693, 2.0, 30.0, 35.03846153846154, 2937308.4615384615, 64.61538461538461, 101.11538461538461]","[0.0, 0.0, 0.0, 298.6088281490029, 1412.628160913521, 316.9253360636433, 1.4416665241531779, 0.19230769230769226, 0.15531160936034064, 0.0, 0.0, 12.858642018355322, 179475.12119344668, 48.529195750977436, 18.23210803263324]","[[0.0, 0.0, 0.0, 0.0, 0.0, 0.0, 0.0, 0.0, 0.0, 0.0, 0.0, 0.0, 0.0, 0.0, 0.0], [0.0, 0.0, 0.0, 0.0, 0.0, 0.0, 0.0, 0.0, 0.0, 0.0, 0.0, 0.0, 0.0, 0.0, 0.0], [0.0, 0.0, 0.0, 0.0, 0.0, 0.0, 0.0, 0.0, 0.0, 0.0, 0.0, 0.0, 0.0, 0.0, 0.0], [0.0, 0.0, 0.0, 92733.92153846157, 436624.64461538463, 88797.08923076923, 157.12153846153845, 13.567692307692308, 39.315428019446145, 0.0, 0.0, 1152.6476923076923, 14171061.172307692, 2972.643076923077, -465.45692307692315], [0.0, 0.0, 0.0, 436624.64461538463, 2075339.053846153, 437580.74769230763, 647.1246153846154, 61.823076923076904, 182.95345598833848, 0.0, 0.0, 5409.943076923074, 56249843.39692306, 13780.369230769238, -2343.4507692307693], [0.0, 0.0, 0.0, 88797.08923076923, 437580.74769230763, 104459.33538461536, 58.28923076923076, 10.966153846153842, 35.50945638347693, 0.0, 0.0, 1084.7261538461535, 3111870.6738461545, 2644.058461538462, -600.4615384615385], [0.0, 0.0, 0.0, 157.12153846153845, 647.1246153846154, 58.28923076923076, 2.1615384615384614, 0.007692307692307693, 0.08686777944615381, 0.0, 0.0, -3.4723076923076923, 25622.692307692312, 23.923076923076916, 5.143076923076921], [0.0, 0.0, 0.0, 13.567692307692308, 61.823076923076904, 10.966153846153842, 0.007692307692307693, 0.03846153846153844, 0.013414048430769224, 0.0, 0.0, -0.36153846153846153, -2037.2184615384613, -0.7446153846153843, -0.36461538461538445], [0.0, 0.0, 0.0, 39.315428019446145, 182.95345598833848, 35.50945638347693, 0.08686777944615381, 0.013414048430769224, 0.025086563842183014, 0.0, 0.0, -0.2079353735692306, 2646.7360468267707, 1.7764936360923083, -0.09639064070769225], [0.0, 0.0, 0.0, 0.0, 0.0, 0.0, 0.0, 0.0, 0.0, 0.0, 0.0, 0.0, 0.0, 0.0, 0.0], [0.0, 0.0, 0.0, 0.0, 0.0, 0.0, 0.0, 0.0, 0.0, 0.0, 0.0, 0.0, 0.0, 0.0, 0.0], [0.0, 0.0, 0.0, 1152.6476923076923, 5409.943076923074, 1084.7261538461535, -3.4723076923076923, -0.36153846153846153, -0.2079353735692306, 0.0, 0.0, 171.95846153846156, 1368416.7815384616, -100.66461538461542, 1.2753846153846145], [0.0, 0.0, 0.0, 14171061.172307692, 56249843.39692306, 3111870.6738461545, 25622.692307692312, -2037.2184615384613, 2646.7360468267707, 0.0, 0.0, 1368416.7815384616, 33499771892.498466, -2810496.935384616, -75835.81538461536], [0.0, 0.0, 0.0, 2972.643076923077, 13780.369230769238, 2644.058461538462, 23.923076923076916, -0.7446153846153843, 1.7764936360923083, 0.0, 0.0, -100.66461538461542, -2810496.935384616, 2449.2861538461543, -46.63384615384617], [0.0, 0.0, 0.0, -465.45692307692315, -2343.4507692307693, -600.4615384615385, 5.143076923076921, -0.36461538461538445, -0.09639064070769225, 0.0, 0.0, 1.2753846153846145, -75835.81538461536, -46.63384615384617, 345.7061538461538]]","[3, 4, 5, 6, 7, 8, 11, 12, 13, 14]","[0, 1, 2, 3, 4, 5, 9, 10, 11, 12, 13, 14]"
6348,"[38.0, 5703.0, 128567.18518518518, 282195.3703703704, 282195.3703703704, 282195.3703703704, 583.0, 20.444444444444443, 20.940537037037036, 2.0, 15.0, 1.5185185185185186, 3010732.296296296, 47.03703703703704, 58.96296296296296]","[0.0, 0.0, 5449.193056380592, 8850.425104450771, 8850.425104450771, 8850.425104450771, 1.0183501544346312, 0.6849348892187752, 0.6568629397303676, 0.0, 0.0, 0.499656946786372, 168803.13869159672, 36.59131801648874, 12.315246441892835]","[[0.0, 0.0, 0.0, 0.0, 0.0, 0.0, 0.0, 0.0, 0.0, 0.0, 0.0, 0.0, 0.0, 0.0, 0.0], [0.0, 0.0, 0.0, 0.0, 0.0, 0.0, 0.0, 0.0, 0.0, 0.0, 0.0, 0.0, 0.0, 0.0, 0.0], [0.0, 0.0, 30835770.54131055, -1311909.1866096866, -1311909.1866096866, -1311909.1866096866, 2510.538461538462, 132.45299145299134, -54.82719943020081, 0.0, 0.0, -113.98433048433053, 749349608.7122508, 81088.91595441595, -22234.185185185186], [0.0, 0.0, -1311909.1866096866, 81342717.78062679, 81342717.78062679, 81342717.78062679, 5308.807692307692, 5981.175213675214, 6014.132620370368, 0.0, 0.0, 1046.8390313390314, 276179352.3091169, -116869.51424501424, 15215.052706552704], [0.0, 0.0, -1311909.1866096866, 81342717.78062679, 81342717.78062679, 81342717.78062679, 5308.807692307692, 5981.175213675214, 6014.132620370368, 0.0, 0.0, 1046.8390313390314, 276179352.3091169, -116869.51424501424, 15215.052706552704], [0.0, 0.0, -1311909.1866096866, 81342717.78062679, 81342717.78062679, 81342717.78062679, 5308.807692307692, 5981.175213675214, 6014.132620370368, 0.0, 0.0, 1046.8390313390314, 276179352.3091169, -116869.51424501424, 15215.052706552704], [0.0, 0.0, 2510.538461538462, 5308.807692307692, 5308.807692307692, 5308.807692307692, 1.076923076923077, 0.38461538461538464, 0.4012346153846149, 0.0, 0.0, 0.07692307692307693, 127866.96153846155, -1.653846153846154, -1.0384615384615385], [0.0, 0.0, 132.45299145299134, 5981.175213675214, 5981.175213675214, 5981.175213675214, 0.38461538461538464, 0.4871794871794872, 0.44202136752136745, 0.0, 0.0, 0.10683760683760686, 24707.401709401714, -5.363247863247864, 1.6324786324786322], [0.0, 0.0, -54.82719943020081, 6014.132620370368, 6014.132620370368, 6014.132620370368, 0.4012346153846149, 0.44202136752136745, 0.4480638801139598, 0.0, 0.0, 0.0864954415954415, 21228.0430347578, -8.631232193732188, 1.0324860398860403], [0.0, 0.0, 0.0, 0.0, 0.0, 0.0, 0.0, 0.0, 0.0, 0.0, 0.0, 0.0, 0.0, 0.0, 0.0], [0.0, 0.0, 0.0, 0.0, 0.0, 0.0, 0.0, 0.0, 0.0, 0.0, 0.0, 0.0, 0.0, 0.0, 0.0], [0.0, 0.0, -113.98433048433053, 1046.8390313390314, 1046.8390313390314, 1046.8390313390314, 0.07692307692307693, 0.10683760683760686, 0.0864954415954415, 0.0, 0.0, 0.25925925925925936, 328.1866096866064, -4.289173789173789, 1.135327635327635], [0.0, 0.0, 749349608.7122508, 276179352.3091169, 276179352.3091169, 276179352.3091169, 127866.96153846155, 24707.401709401714, 21228.0430347578, 0.0, 0.0, 328.1866096866064, 29590441925.67807, 1682178.5270655272, -304934.2578347578], [0.0, 0.0, 81088.91595441595, -116869.51424501424, -116869.51424501424, -116869.51424501424, -1.653846153846154, -5.363247863247864, -8.631232193732188, 0.0, 0.0, -4.289173789173789, 1682178.5270655272, 1390.4216524216524, -51.07549857549857], [0.0, 0.0, -22234.185185185186, 15215.052706552704, 15215.052706552704, 15215.052706552704, -1.0384615384615385, 1.6324786324786322, 1.0324860398860403, 0.0, 0.0, 1.135327635327635, -304934.2578347578, -51.07549857549857, 157.4985754985755]]","[2, 3, 6, 7, 8, 11, 12, 13, 14]","[0, 1, 2, 3, 4, 5, 9, 10, 11, 12, 13, 14]"
669,"[2.0, 621.0, 10.0, 2908030.0, 40006341.67532468, 2908030.0, 8.0, 12015.90909090909, 2066.1862337662333, 1.0, 5.0, 6.909090909090909, 3012531.5194805195, 63.81818181818182, 271.3636363636364]","[0.0, 0.0, 0.0, 8.217814036133182, 8196.324894591648, 8.217814036133182, 0.0, 3.7526849891909633, 0.02958759660438695, 0.0, 0.0, 0.5851366403152632, 172969.5042195702, 16.094467285800285, 31.960165584356048]","[[0.0, 0.0, 0.0, 0.0, 0.0, 0.0, 0.0, 0.0, 0.0, 0.0, 0.0, 0.0, 0.0, 0.0, 0.0], [0.0, 0.0, 0.0, 0.0, 0.0, 0.0, 0.0, 0.0, 0.0, 0.0, 0.0, 0.0, 0.0, 0.0, 0.0], [0.0, 0.0, 0.0, 0.0, 0.0, 0.0, 0.0, 0.0, 0.0, 0.0, 0.0, 0.0, 0.0, 0.0, 0.0], [0.0, 0.0, 0.0, 68.42105263157895, 8819.736842105263, 68.42105263157895, 0.0, 3.6842105263157894, -0.06710526315786362, 0.0, 0.0, -0.2631578947368417, -1357271.842105264, 8.157894736842108, -30.657894736842092], [0.0, 0.0, 0.0, 8819.736842105263, 68063685.74846204, 8819.736842105263, 0.0, 31160.6937799043, -5.897949419113147, 0.0, 0.0, 179.64114832535887, -213025250.61859196, 7735.729665071767, 20230.382775119633], [0.0, 0.0, 0.0, 68.42105263157895, 8819.736842105263, 68.42105263157895, 0.0, 3.6842105263157894, -0.06710526315786362, 0.0, 0.0, -0.2631578947368417, -1357271.842105264, 8.157894736842108, -30.657894736842092], [0.0, 0.0, 0.0, 0.0, 0.0, 0.0, 0.0, 0.0, 0.0, 0.0, 0.0, 0.0, 0.0, 0.0, 0.0], [0.0, 0.0, 0.0, 3.6842105263157894, 31160.6937799043, 3.6842105263157894, 0.0, 14.267942583732065, -0.0023205741627300765, 0.0, 0.0, 0.08373205741626803, -90210.08373205742, 3.483253588516748, 9.428229665071779], [0.0, 0.0, 0.0, -0.06710526315786362, -5.897949419113147, -0.06710526315786362, 0.0, -0.0023205741627300765, 0.0008869446343084556, 0.0, 0.0, -0.0025837320574068467, 975.5440874931786, -0.030693779904359876, 0.1598086124395928], [0.0, 0.0, 0.0, 0.0, 0.0, 0.0, 0.0, 0.0, 0.0, 0.0, 0.0, 0.0, 0.0, 0.0, 0.0], [0.0, 0.0, 0.0, 0.0, 0.0, 0.0, 0.0, 0.0, 0.0, 0.0, 0.0, 0.0, 0.0, 0.0, 0.0], [0.0, 0.0, 0.0, -0.2631578947368417, 179.64114832535887, -0.2631578947368417, 0.0, 0.08373205741626803, -0.0025837320574068467, 0.0, 0.0, 0.34688995215311047, 12284.90311004785, -0.08253588516746403, -8.111244019138756], [0.0, 0.0, 0.0, -1357271.842105264, -213025250.61859196, -1357271.842105264, 0.0, -90210.08373205742, 975.5440874931786, 0.0, 0.0, 12284.90311004785, 30312113197.726593, -271111.44377990416, 375563.94019138743], [0.0, 0.0, 0.0, 8.157894736842108, 7735.729665071767, 8.157894736842108, 0.0, 3.483253588516748, -0.030693779904359876, 0.0, 0.0, -0.08253588516746403, -271111.44377990416, 262.44019138756, -16.117224880382754], [0.0, 0.0, 0.0, -30.657894736842092, 20230.382775119633, -30.657894736842092, 0.0, 9.428229665071779, 0.1598086124395928, 0.0, 0.0, -8.111244019138756, 375563.94019138743, -16.117224880382754, 1034.8923444976076]]","[3, 4, 7, 8, 11, 12, 13, 14]","[0, 1, 2, 3, 4, 5, 9, 10, 11, 12, 13, 14]"
4557,"[12.0, 4112.0, 2971.0, 1013520.0, 1013524.0, 1013520.0, 137.0, 902.0, 735.5310000000015, 2.0, 2.0, 2.189189189189189, 3016628.804054054, 45.891891891891895, 98.27702702702703]","[0.0, 0.0, 0.0, 0.0, 0.0, 0.0, 0.0, 0.0, 1.5916157281026244e-12, 0.0, 0.0, 0.4085463907521884, 174638.29454276685, 6.21260176939335, 21.629503419830492]","[[0.0, 0.0, 0.0, 0.0, 0.0, 0.0, 0.0, 0.0, 0.0, 0.0, 0.0, 0.0, 0.0, 0.0, 0.0], [0.0, 0.0, 0.0, 0.0, 0.0, 0.0, 0.0, 0.0, 0.0, 0.0, 0.0, 0.0, 0.0, 0.0, 0.0], [0.0, 0.0, 0.0, 0.0, 0.0, 0.0, 0.0, 0.0, 0.0, 0.0, 0.0, 0.0, 0.0, 0.0, 0.0], [0.0, 0.0, 0.0, 0.0, 0.0, 0.0, 0.0, 0.0, 0.0, 0.0, 0.0, 0.0, 0.0, 0.0, 0.0], [0.0, 0.0, 0.0, 0.0, 0.0, 0.0, 0.0, 0.0, 0.0, 0.0, 0.0, 0.0, 0.0, 0.0, 0.0], [0.0, 0.0, 0.0, 0.0, 0.0, 0.0, 0.0, 0.0, 0.0, 0.0, 0.0, 0.0, 0.0, 0.0, 0.0], [0.0, 0.0, 0.0, 0.0, 0.0, 0.0, 0.0, 0.0, 0.0, 0.0, 0.0, 0.0, 0.0, 0.0, 0.0], [0.0, 0.0, 0.0, 0.0, 0.0, 0.0, 0.0, 0.0, 0.0, 0.0, 0.0, 0.0, 0.0, 0.0, 0.0], [0.0, 0.0, 0.0, 0.0, 0.0, 0.0, 0.0, 0.0, 2.550473555371835e-24, 0.0, 0.0, -3.3795445147754038e-28, -3.7237757970278336e-22, 3.6488090370908425e-27, -2.286000842514745e-27], [0.0, 0.0, 0.0, 0.0, 0.0, 0.0, 0.0, 0.0, 0.0, 0.0, 0.0, 0.0, 0.0, 0.0, 0.0], [0.0, 0.0, 0.0, 0.0, 0.0, 0.0, 0.0, 0.0, 0.0, 0.0, 0.0, 0.0, 0.0, 0.0, 0.0], [0.0, 0.0, 0.0, 0.0, 0.0, 0.0, 0.0, 0.0, -3.3795445147754038e-28, 0.0, 0.0, 0.16804559661702512, -4653.289207574923, 0.1430410001838571, 1.5798860084574364], [0.0, 0.0, 0.0, 0.0, 0.0, 0.0, 0.0, 0.0, -3.7237757970278336e-22, 0.0, 0.0, -4653.289207574923, 30706006940.67562, 37589.32561132559, -339178.6120150763], [0.0, 0.0, 0.0, 0.0, 0.0, 0.0, 0.0, 0.0, 3.6488090370908425e-27, 0.0, 0.0, 0.1430410001838571, 37589.32561132559, 38.85898143040999, 10.458724030152602], [0.0, 0.0, 0.0, 0.0, 0.0, 0.0, 0.0, 0.0, -2.286000842514745e-27, 0.0, 0.0, 1.5798860084574364, -339178.6120150763, 10.458724030152602, 471.01797205368655]]",[8],"[0, 1, 2, 3, 4, 5, 9, 10, 11, 12, 13, 14]"
8333,"[73.0, 7431.0, 4918.0, 1.0, 101333612.10416667, 1.0, 8.0, 868.7569444444445, 0.07801388888897598, 1.0, 35.0, 21.40277777777778, 3021227.652777778, 278.19444444444446, 182.72222222222223]","[0.0, 0.0, 0.0, 0.0, 14082180.63759653, 0.0, 0.0, 702.6308621345887, 0.00016608695475192793, 0.0, 0.0, 2.0149422532545724, 170919.10559747426, 877.070338603481, 59.66916247625135]","[[0.0, 0.0, 0.0, 0.0, 0.0, 0.0, 0.0, 0.0, 0.0, 0.0, 0.0, 0.0, 0.0, 0.0, 0.0], [0.0, 0.0, 0.0, 0.0, 0.0, 0.0, 0.0, 0.0, 0.0, 0.0, 0.0, 0.0, 0.0, 0.0, 0.0], [0.0, 0.0, 0.0, 0.0, 0.0, 0.0, 0.0, 0.0, 0.0, 0.0, 0.0, 0.0, 0.0, 0.0, 0.0], [0.0, 0.0, 0.0, 0.0, 0.0, 0.0, 0.0, 0.0, 0.0, 0.0, 0.0, 0.0, 0.0, 0.0, 0.0], [0.0, 0.0, 0.0, 0.0, 199694579422555.25, 0.0, 0.0, 9963767552.354134, 2355.2222081437408, 0.0, 0.0, 17310059.726981334, 306446773021.9247, 4838021697.965617, 72666016.66550112], [0.0, 0.0, 0.0, 0.0, 0.0, 0.0, 0.0, 0.0, 0.0, 0.0, 0.0, 0.0, 0.0, 0.0, 0.0], [0.0, 0.0, 0.0, 0.0, 0.0, 0.0, 0.0, 0.0, 0.0, 0.0, 0.0, 0.0, 0.0, 0.0, 0.0], [0.0, 0.0, 0.0, 0.0, 9963767552.354134, 0.0, 0.0, 497142.50694444287, 0.11751388887943, 0.0, 0.0, 863.6859945609939, 15290171.733197365, 241393.25038850025, 3625.673271173268], [0.0, 0.0, 0.0, 0.0, 2355.2222081437408, 0.0, 0.0, 0.11751388887943, 2.7777777773305804e-08, 0.0, 0.0, 0.00020415695414051943, 3.6142705902296535, 0.057060217555624335, 0.0008570318569628689], [0.0, 0.0, 0.0, 0.0, 0.0, 0.0, 0.0, 0.0, 0.0, 0.0, 0.0, 0.0, 0.0, 0.0, 0.0], [0.0, 0.0, 0.0, 0.0, 0.0, 0.0, 0.0, 0.0, 0.0, 0.0, 0.0, 0.0, 0.0, 0.0, 0.0], [0.0, 0.0, 0.0, 0.0, 17310059.726981334, 0.0, 0.0, 863.6859945609939, 0.00020415695414051943, 0.0, 0.0, 4.088383838383835, 27994.035936285938, 158.424630924631, 3.469308469308472], [0.0, 0.0, 0.0, 0.0, 306446773021.9247, 0.0, 0.0, 15290171.733197365, 3.6142705902296535, 0.0, 0.0, 27994.035936285938, 29417629753.752728, -17031187.358585857, -733640.9992229991], [0.0, 0.0, 0.0, 0.0, 4838021697.965617, 0.0, 0.0, 241393.25038850025, 0.057060217555624335, 0.0, 0.0, 158.424630924631, -17031187.358585857, 774631.7661227661, 810.2222222222214], [0.0, 0.0, 0.0, 0.0, 72666016.66550112, 0.0, 0.0, 3625.673271173268, 0.0008570318569628689, 0.0, 0.0, 3.469308469308472, -733640.9992229991, 810.2222222222214, 3585.306915306914]]","[4, 11, 12, 13, 14]","[0, 1, 2, 3, 4, 5, 9, 10, 11, 12, 13, 14]"
1415,"[10.0, 1300.0, 1093.0, 70956.24324324324, 88696.43243243243, 88696.43243243243, 48.0, 6.0, 0.12018783783783796, 1.0, 2.0, 1.4054054054054055, 3023986.8378378376, 40.54054054054054, 60.891891891891895]","[0.0, 0.0, 0.0, 66.7704439409831, 83.30067341492845, 83.30067341492845, 0.0, 0.0, 0.00011169783406941148, 0.0, 0.0, 0.4909703276914851, 164991.1708575543, 3.7675326688057558, 11.943071685525878]","[[0.0, 0.0, 0.0, 0.0, 0.0, 0.0, 0.0, 0.0, 0.0, 0.0, 0.0, 0.0, 0.0, 0.0, 0.0], [0.0, 0.0, 0.0, 0.0, 0.0, 0.0, 0.0, 0.0, 0.0, 0.0, 0.0, 0.0, 0.0, 0.0, 0.0], [0.0, 0.0, 0.0, 0.0, 0.0, 0.0, 0.0, 0.0, 0.0, 0.0, 0.0, 0.0, 0.0, 0.0, 0.0], [0.0, 0.0, 0.0, 4582.133633633633, 5716.391891891892, 5716.391891891892, 0.0, 0.0, 0.0076572072071867114, 0.0, 0.0, -0.6846846846846841, -6010248.487237237, 39.6981981981982, 327.05480480480475], [0.0, 0.0, 0.0, 5716.391891891892, 7131.7522522522495, 7131.7522522522495, 0.0, 0.0, 0.009552905405379926, 0.0, 0.0, -0.8190690690690674, -7533785.844594594, 49.704204204204196, 408.8536036036034], [0.0, 0.0, 0.0, 5716.391891891892, 7131.7522522522495, 7131.7522522522495, 0.0, 0.0, 0.009552905405379926, 0.0, 0.0, -0.8190690690690674, -7533785.844594594, 49.704204204204196, 408.8536036036034], [0.0, 0.0, 0.0, 0.0, 0.0, 0.0, 0.0, 0.0, 0.0, 0.0, 0.0, 0.0, 0.0, 0.0, 0.0], [0.0, 0.0, 0.0, 0.0, 0.0, 0.0, 0.0, 0.0, 0.0, 0.0, 0.0, 0.0, 0.0, 0.0, 0.0], [0.0, 0.0, 0.0, 0.0076572072071867114, 0.009552905405379926, 0.009552905405379926, 0.0, 0.0, 1.2822972972903273e-08, 0.0, 0.0, -1.3213213213887402e-06, -10.39222202699278, 7.175675675674678e-05, 0.0005589264264248485], [0.0, 0.0, 0.0, 0.0, 0.0, 0.0, 0.0, 0.0, 0.0, 0.0, 0.0, 0.0, 0.0, 0.0, 0.0], [0.0, 0.0, 0.0, 0.0, 0.0, 0.0, 0.0, 0.0, 0.0, 0.0, 0.0, 0.0, 0.0, 0.0, 0.0], [0.0, 0.0, 0.0, -0.6846846846846841, -0.8190690690690674, -0.8190690690690674, 0.0, 0.0, -1.3213213213887402e-06, 0.0, 0.0, 0.2477477477477477, 115.59534534534637, 0.21921921921921939, -1.621621621621622], [0.0, 0.0, 0.0, -6010248.487237237, -7533785.844594594, -7533785.844594594, 0.0, 0.0, -10.39222202699278, 0.0, 0.0, 115.59534534534637, 27978255529.306305, -248114.5765765764, -675094.4346846845], [0.0, 0.0, 0.0, 39.6981981981982, 49.704204204204196, 49.704204204204196, 0.0, 0.0, 7.175675675674678e-05, 0.0, 0.0, 0.21921921921921939, -248114.5765765764, 14.588588588588584, 13.143393393393394], [0.0, 0.0, 0.0, 327.05480480480475, 408.8536036036034, 408.8536036036034, 0.0, 0.0, 0.0005589264264248485, 0.0, 0.0, -1.621621621621622, -675094.4346846845, 13.143393393393394, 146.59909909909908]]","[3, 4, 8, 11, 13, 14]","[0, 1, 2, 3, 4, 5, 9, 10, 11, 12, 13, 14]"
453137,"[30.0, 313520.0, 220.0, 10339421.42857143, 18348736.42857143, 10339421.42857143, 44.0, 3988.9285714285716, 8.395714285714217, 2.0, 214.0, 5.285714285714286, 3011179.3571428573, 59.857142857142854, 152.85714285714286]","[0.0, 0.0, 0.0, 263126.55341535737, 468055.681510638, 263126.55341535737, 0.0, 102.35195879604726, 0.20968392150743637, 0.0, 0.0, 0.5890150893739516, 225517.895682236, 3.4404555939406554, 20.427072872108937]","[[0.0, 0.0, 0.0, 0.0, 0.0, 0.0, 0.0, 0.0, 0.0, 0.0, 0.0, 0.0, 0.0, 0.0, 0.0], [0.0, 0.0, 0.0, 0.0, 0.0, 0.0, 0.0, 0.0, 0.0, 0.0, 0.0, 0.0, 0.0, 0.0, 0.0], [0.0, 0.0, 0.0, 0.0, 0.0, 0.0, 0.0, 0.0, 0.0, 0.0, 0.0, 0.0, 0.0, 0.0, 0.0], [0.0, 0.0, 0.0, 74561397197.8022, 132631560159.34065, 74561397197.8022, 0.0, 29003093.95604396, 59410.79120876482, 0.0, 0.0, -108514.28571428571, 63700241714.83516, -184758.24175824175, -573012.087912088], [0.0, 0.0, 0.0, 132631560159.34065, 235928130301.6484, 132631560159.34065, 0.0, 51591390.49450549, 105681.26043951348, 0.0, 0.0, -193027.36263736268, 113311784138.2967, -328665.934065934, -1019085.1648351651], [0.0, 0.0, 0.0, 74561397197.8022, 132631560159.34065, 74561397197.8022, 0.0, 29003093.95604396, 59410.79120876482, 0.0, 0.0, -108514.28571428571, 63700241714.83516, -184758.24175824175, -573012.087912088], [0.0, 0.0, 0.0, 0.0, 0.0, 0.0, 0.0, 0.0, 0.0, 0.0, 0.0, 0.0, 0.0, 0.0, 0.0], [0.0, 0.0, 0.0, 29003093.95604396, 51591390.49450549, 29003093.95604396, 0.0, 11281.763736263738, 23.109670329660045, 0.0, 0.0, -42.20879120879122, 24782701.719780225, -71.62637362637363, -220.85714285714292], [0.0, 0.0, 0.0, 59410.79120876482, 105681.26043951348, 59410.79120876482, 0.0, 23.109670329660045, 0.04734945054940879, 0.0, 0.0, -0.08637362637363824, 50749.78703294272, -0.14681318681339572, -0.4375824175821119], [0.0, 0.0, 0.0, 0.0, 0.0, 0.0, 0.0, 0.0, 0.0, 0.0, 0.0, 0.0, 0.0, 0.0, 0.0], [0.0, 0.0, 0.0, 0.0, 0.0, 0.0, 0.0, 0.0, 0.0, 0.0, 0.0, 0.0, 0.0, 0.0, 0.0], [0.0, 0.0, 0.0, -108514.28571428571, -193027.36263736268, -108514.28571428571, 0.0, -42.20879120879122, -0.08637362637363824, 0.0, 0.0, 0.37362637362637374, -91419.18681318681, 1.043956043956044, -0.9560439560439558], [0.0, 0.0, 0.0, 63700241714.83516, 113311784138.2967, 63700241714.83516, 0.0, 24782701.719780225, 50749.78703294272, 0.0, 0.0, -91419.18681318681, 54770499832.40111, -132284.3296703297, -359339.0219780222], [0.0, 0.0, 0.0, -184758.24175824175, -328665.934065934, -184758.24175824175, 0.0, -71.62637362637363, -0.14681318681339572, 0.0, 0.0, 1.043956043956044, -132284.3296703297, 12.747252747252746, 10.670329670329672], [0.0, 0.0, 0.0, -573012.087912088, -1019085.1648351651, -573012.087912088, 0.0, -220.85714285714292, -0.4375824175821119, 0.0, 0.0, -0.9560439560439558, -359339.0219780222, 10.670329670329672, 449.3626373626373]]","[3, 4, 7, 11, 12, 13, 14]","[0, 1, 2, 3, 4, 5, 9, 10, 11, 12, 13, 14]"
1544,"[117.5, 1418.0, 1183.0, 0.0, 0.0, 0.0, 80.0, 0.0, 0.078596, 2.0, 26.333333333333332, 1.0, 3002245.4166666665, 46.25, 78.33333333333333]","[19.00657780874821, 0.0, 0.0, 0.0, 0.0, 0.0, 0.0, 0.0, 0.0, 0.0, 18.633899812498246, 0.0, 176215.30027850321, 6.443666140741103, 18.776462807343545]","[[394.0909090909091, 0.0, 0.0, 0.0, 0.0, 0.0, 0.0, 0.0, 0.0, 0.0, 386.3636363636364, 0.0, 350431.04545454535, 71.86363636363636, 52.54545454545454], [0.0, 0.0, 0.0, 0.0, 0.0, 0.0, 0.0, 0.0, 0.0, 0.0, 0.0, 0.0, 0.0, 0.0, 0.0], [0.0, 0.0, 0.0, 0.0, 0.0, 0.0, 0.0, 0.0, 0.0, 0.0, 0.0, 0.0, 0.0, 0.0, 0.0], [0.0, 0.0, 0.0, 0.0, 0.0, 0.0, 0.0, 0.0, 0.0, 0.0, 0.0, 0.0, 0.0, 0.0, 0.0], [0.0, 0.0, 0.0, 0.0, 0.0, 0.0, 0.0, 0.0, 0.0, 0.0, 0.0, 0.0, 0.0, 0.0, 0.0], [0.0, 0.0, 0.0, 0.0, 0.0, 0.0, 0.0, 0.0, 0.0, 0.0, 0.0, 0.0, 0.0, 0.0, 0.0], [0.0, 0.0, 0.0, 0.0, 0.0, 0.0, 0.0, 0.0, 0.0, 0.0, 0.0, 0.0, 0.0, 0.0, 0.0], [0.0, 0.0, 0.0, 0.0, 0.0, 0.0, 0.0, 0.0, 0.0, 0.0, 0.0, 0.0, 0.0, 0.0, 0.0], [0.0, 0.0, 0.0, 0.0, 0.0, 0.0, 0.0, 0.0, 0.0, 0.0, 0.0, 0.0, 0.0, 0.0, 0.0], [0.0, 0.0, 0.0, 0.0, 0.0, 0.0, 0.0, 0.0, 0.0, 0.0, 0.0, 0.0, 0.0, 0.0, 0.0], [386.3636363636364, 0.0, 0.0, 0.0, 0.0, 0.0, 0.0, 0.0, 0.0, 0.0, 378.7878787878788, 0.0, 343559.8484848484, 70.45454545454547, 51.51515151515152], [0.0, 0.0, 0.0, 0.0, 0.0, 0.0, 0.0, 0.0, 0.0, 0.0, 0.0, 0.0, 0.0, 0.0, 0.0], [350431.04545454535, 0.0, 0.0, 0.0, 0.0, 0.0, 0.0, 0.0, 0.0, 0.0, 343559.8484848484, 0.0, 33874725875.174244, -85755.02272727275, 119609.21212121223], [71.86363636363636, 0.0, 0.0, 0.0, 0.0, 0.0, 0.0, 0.0, 0.0, 0.0, 70.45454545454547, 0.0, -85755.02272727275, 45.29545454545455, 61.81818181818181], [52.54545454545454, 0.0, 0.0, 0.0, 0.0, 0.0, 0.0, 0.0, 0.0, 0.0, 51.51515151515152, 0.0, 119609.21212121223, 61.81818181818181, 384.60606060606057]]","[0, 12, 13, 14]","[0, 1, 2, 3, 4, 5, 9, 10, 11, 12, 13, 14]"
453140,"[13.0, 432.0, 117911.0, 156047241.85733512, 1219118919.2462988, 156047241.85733512, 58.0, 121420.58950201885, 509.21965006729454, 2.0, 4.0, 11.531628532974429, 2969884.5006729476, 57.991924629878866, 347.32032301480484]","[0.0, 0.0, 0.0, 42350369.12215442, 330862155.616353, 42350369.12215442, 0.0, 23901.242376405113, 134.06706600513857, 0.0, 0.0, 1.890333392755706, 82779.92365405963, 10.956782319602988, 70.88750744766888]","[[0.0, 0.0, 0.0, 0.0, 0.0, 0.0, 0.0, 0.0, 0.0, 0.0, 0.0, 0.0, 0.0, 0.0, 0.0], [0.0, 0.0, 0.0, 0.0, 0.0, 0.0, 0.0, 0.0, 0.0, 0.0, 0.0, 0.0, 0.0, 0.0, 0.0], [0.0, 0.0, 0.0, 0.0, 0.0, 0.0, 0.0, 0.0, 0.0, 0.0, 0.0, 0.0, 0.0, 0.0, 0.0], [0.0, 0.0, 0.0, 1795970953144970.8, 1.4031018696707296e+16, 1795970953144970.8, 0.0, 678459347489.9817, 5685421281.063192, 0.0, 0.0, 5118539.3077528635, 799960277513.9209, -5330820.685789738, -121238817.8733771], [0.0, 0.0, 0.0, 1.4031018696707296e+16, 1.0961729939648406e+17, 1.4031018696707296e+16, 0.0, 5300461926019.365, 44417339869.783066, 0.0, 0.0, 39988599.59260374, 6249681103370.674, -41647156.9872267, -947177007.7905921], [0.0, 0.0, 0.0, 1795970953144970.8, 1.4031018696707296e+16, 1795970953144970.8, 0.0, 678459347489.9817, 5685421281.063192, 0.0, 0.0, 5118539.3077528635, 799960277513.9209, -5330820.685789738, -121238817.8733771], [0.0, 0.0, 0.0, 0.0, 0.0, 0.0, 0.0, 0.0, 0.0, 0.0, 0.0, 0.0, 0.0, 0.0, 0.0], [0.0, 0.0, 0.0, 678459347489.9817, 5300461926019.365, 678459347489.9817, 0.0, 572039291.9700783, 2147722.8365138453, 0.0, 0.0, 6354.09318962609, 597702437.6397643, 5940.355171175355, -162644.0179265236], [0.0, 0.0, 0.0, 5685421281.063192, 44417339869.783066, 5685421281.063192, 0.0, 2147722.8365138453, 17998.20187750546, 0.0, 0.0, 16.185091945308272, 2531203.1587468665, -16.821673988675382, -383.33932171971475], [0.0, 0.0, 0.0, 0.0, 0.0, 0.0, 0.0, 0.0, 0.0, 0.0, 0.0, 0.0, 0.0, 0.0, 0.0], [0.0, 0.0, 0.0, 0.0, 0.0, 0.0, 0.0, 0.0, 0.0, 0.0, 0.0, 0.0, 0.0, 0.0, 0.0], [0.0, 0.0, 0.0, 5118539.3077528635, 39988599.59260374, 5118539.3077528635, 0.0, 6354.09318962609, 16.185091945308272, 0.0, 0.0, 3.578176185276411, 5908.8412859646, -3.9404450522940078, -90.56135793914811], [0.0, 0.0, 0.0, 799960277513.9209, 6249681103370.674, 799960277513.9209, 0.0, 597702437.6397643, 2531203.1587468665, 0.0, 0.0, 5908.8412859646, 6861750956.61422, 20127.502700859404, -408430.0568196247], [0.0, 0.0, 0.0, -5330820.685789738, -41647156.9872267, -5330820.685789738, 0.0, 5940.355171175355, -16.821673988675382, 0.0, 0.0, -3.9404450522940078, 20127.502700859404, 120.21287270590206, 166.09827754459408], [0.0, 0.0, 0.0, -121238817.8733771, -947177007.7905921, -121238817.8733771, 0.0, -162644.0179265236, -383.33932171971475, 0.0, 0.0, -90.56135793914811, -408430.0568196247, 166.09827754459408, 5031.81100151277]]","[3, 4, 7, 12, 14]","[0, 1, 2, 3, 4, 5, 9, 10, 11, 12, 13, 14]"
4712,"[6.0, 4249.0, 129070.45945945945, 13728356.756756756, 13728356.756756756, 13728356.756756756, 692.8108108108108, 551.6756756756756, 552.2079189189188, 2.0, 150.0, 7.513513513513513, 3026438.189189189, 144.54054054054055, 349.43243243243245]","[0.0, 0.0, 6778.63370429507, 63101.24657414545, 63101.24657414545, 63101.24657414545, 0.8330289193201317, 27.9826722967587, 27.95514576852304, 0.0, 0.0, 1.0298680477436568, 171871.8827231553, 74.2208518069623, 106.31430722678058]","[[0.0, 0.0, 0.0, 0.0, 0.0, 0.0, 0.0, 0.0, 0.0, 0.0, 0.0, 0.0, 0.0, 0.0, 0.0], [0.0, 0.0, 0.0, 0.0, 0.0, 0.0, 0.0, 0.0, 0.0, 0.0, 0.0, 0.0, 0.0, 0.0, 0.0], [0.0, 0.0, 47226260.310810804, 189287481.5315315, 189287481.5315315, 189287481.5315315, -3192.6606606606606, -142.59684684684422, 500.65892717723096, 0.0, 0.0, -509.65915915915906, 918153627.7717718, -89400.25525525522, -203809.89864864864], [0.0, 0.0, 189287481.5315315, 4092371966.966967, 4092371966.966967, 4092371966.966967, -9569.51951951952, -281347.74774774787, -276682.60360360343, 0.0, 0.0, -3529.9549549549556, 7234678691.741743, 608296.2462462463, -3617300.225225225], [0.0, 0.0, 189287481.5315315, 4092371966.966967, 4092371966.966967, 4092371966.966967, -9569.51951951952, -281347.74774774787, -276682.60360360343, 0.0, 0.0, -3529.9549549549556, 7234678691.741743, 608296.2462462463, -3617300.225225225], [0.0, 0.0, 189287481.5315315, 4092371966.966967, 4092371966.966967, 4092371966.966967, -9569.51951951952, -281347.74774774787, -276682.60360360343, 0.0, 0.0, -3529.9549549549556, 7234678691.741743, 608296.2462462463, -3617300.225225225], [0.0, 0.0, -3192.6606606606606, -9569.51951951952, -9569.51951951952, -9569.51951951952, 0.7132132132132126, -2.5908408408408374, -2.5906824324324327, 0.0, 0.0, -0.06681681681681678, -110007.74099099099, 9.771771771771771, 7.917417417417406], [0.0, 0.0, -142.59684684684422, -281347.74774774787, -281347.74774774787, -281347.74774774787, -2.5908408408408374, 804.7807807807809, 803.9440285285286, 0.0, 0.0, 7.393393393393394, -586853.0202702704, 221.90240240240226, -282.41141141141145], [0.0, 0.0, 500.65892717723096, -276682.60360360343, -276682.60360360343, -276682.60360360343, -2.5906824324324327, 803.9440285285286, 803.1982353543541, 0.0, 0.0, 7.417570570570572, -578366.9887897888, 221.00443393393425, -287.79826951951924], [0.0, 0.0, 0.0, 0.0, 0.0, 0.0, 0.0, 0.0, 0.0, 0.0, 0.0, 0.0, 0.0, 0.0, 0.0], [0.0, 0.0, 0.0, 0.0, 0.0, 0.0, 0.0, 0.0, 0.0, 0.0, 0.0, 0.0, 0.0, 0.0, 0.0], [0.0, 0.0, -509.65915915915906, -3529.9549549549556, -3529.9549549549556, -3529.9549549549556, -0.06681681681681678, 7.393393393393394, 7.417570570570572, 0.0, 0.0, 1.09009009009009, -737.5720720720758, 11.992492492492485, -1.006006006006007], [0.0, 0.0, 918153627.7717718, 7234678691.741743, 7234678691.741743, 7234678691.741743, -110007.74099099099, -586853.0202702704, -578366.9887897888, 0.0, 0.0, -737.5720720720758, 30360498072.76877, -1788826.105105105, -4860477.334084086], [0.0, 0.0, -89400.25525525522, 608296.2462462463, 608296.2462462463, 608296.2462462463, 9.771771771771771, 221.90240240240226, 221.00443393393425, 0.0, 0.0, 11.992492492492485, -1788826.105105105, 5661.755255255255, 362.2597597597597], [0.0, 0.0, -203809.89864864864, -3617300.225225225, -3617300.225225225, -3617300.225225225, 7.917417417417406, -282.41141141141145, -287.79826951951924, 0.0, 0.0, -1.006006006006007, -4860477.334084086, 362.2597597597597, 11616.696696696688]]","[2, 3, 6, 7, 8, 11, 12, 13, 14]","[0, 1, 2, 3, 4, 5, 9, 10, 11, 12, 13, 14]"
47803,"[32.0, 39494.0, 19541.0, 47504153.84615385, 2464743088.3846154, 95008307.6923077, 111.0, 49372.230769230766, 1.5846153846141493, 2.0, 10.0, 39.23076923076923, 3036387.6153846155, 57.92307692307692, 514.1538461538462]","[0.0, 0.0, 0.0, 40147.33663710775, 2105372.3982108077, 80261.73014235232, 0.0, 49.1796609713247, 0.0360801212288842, 0.0, 0.0, 4.116642510849124, 163197.43734957193, 8.334003917792165, 119.56706914392707]","[[0.0, 0.0, 0.0, 0.0, 0.0, 0.0, 0.0, 0.0, 0.0, 0.0, 0.0, 0.0, 0.0, 0.0, 0.0], [0.0, 0.0, 0.0, 0.0, 0.0, 0.0, 0.0, 0.0, 0.0, 0.0, 0.0, 0.0, 0.0, 0.0, 0.0], [0.0, 0.0, 0.0, 0.0, 0.0, 0.0, 0.0, 0.0, 0.0, 0.0, 0.0, 0.0, 0.0, 0.0, 0.0], [0.0, 0.0, 0.0, 1746126025.6410255, 91568827435.89743, 3490818717.9487176, 0.0, 2138428.205128205, 795.8974358858152, 0.0, 0.0, 25744.871794871797, 7096769147.435898, 43021.153846153844, 941124.358974359], [0.0, 0.0, 0.0, 91568827435.89743, 4801975679743.59, 183062523205.12817, 0.0, 112140779.48717949, 41706.92307631413, 0.0, 0.0, 1345654.487179487, 372164838123.07697, 2260792.948717948, 49361122.435897425], [0.0, 0.0, 0.0, 3490818717.9487176, 183062523205.12817, 6978774102.564102, 0.0, 4275073.076923076, 1590.128205104988, 0.0, 0.0, 51406.41025641026, 14187780303.205128, 86217.30769230769, 1877298.717948718], [0.0, 0.0, 0.0, 0.0, 0.0, 0.0, 0.0, 0.0, 0.0, 0.0, 0.0, 0.0, 0.0, 0.0, 0.0], [0.0, 0.0, 0.0, 2138428.205128205, 112140779.48717949, 4275073.076923076, 0.0, 2620.192307692308, 1.0038461538314967, 0.0, 0.0, 34.19230769230769, 8691767.012820512, 49.76923076923079, 1188.7115384615379], [0.0, 0.0, 0.0, 795.8974358858152, 41706.92307631413, 1590.128205104988, 0.0, 1.0038461538314967, 0.0014102564102152287, 0.0, 0.0, 0.08717948717821429, 3209.576923030061, -0.05128205128130253, 1.560897435874646], [0.0, 0.0, 0.0, 0.0, 0.0, 0.0, 0.0, 0.0, 0.0, 0.0, 0.0, 0.0, 0.0, 0.0, 0.0], [0.0, 0.0, 0.0, 0.0, 0.0, 0.0, 0.0, 0.0, 0.0, 0.0, 0.0, 0.0, 0.0, 0.0, 0.0], [0.0, 0.0, 0.0, 25744.871794871797, 1345654.487179487, 51406.41025641026, 0.0, 34.19230769230769, 0.08717948717821429, 0.0, 0.0, 18.358974358974358, 101119.92948717947, -20.814102564102562, 52.128205128205124], [0.0, 0.0, 0.0, 7096769147.435898, 372164838123.07697, 14187780303.205128, 0.0, 8691767.012820512, 3209.576923030061, 0.0, 0.0, 101119.92948717947, 28852853853.923073, 186125.88461538462, 3759071.730769231], [0.0, 0.0, 0.0, 43021.153846153844, 2260792.948717948, 86217.30769230769, 0.0, 49.76923076923079, -0.05128205128130253, 0.0, 0.0, -20.814102564102562, 186125.88461538462, 75.24358974358974, -490.48717948717945], [0.0, 0.0, 0.0, 941124.358974359, 49361122.435897425, 1877298.717948718, 0.0, 1188.7115384615379, 1.560897435874646, 0.0, 0.0, 52.128205128205124, 3759071.730769231, -490.48717948717945, 15487.641025641024]]","[3, 4, 5, 7, 11, 12, 13, 14]","[0, 1, 2, 3, 4, 5, 9, 10, 11, 12, 13, 14]"
