3699,"[18.0, 3447.0, 208.0, 106.35714285714286, 1302443.831168831, 166.46103896103895, 56.0, 148.32467532467533, 0.00018181818181794204, 1.0, 78.0, 4.2272727272727275, 3010893.4545454546, 94.20779220779221, 96.49350649350649]","[0.0, 0.0, 0.0, 3.859006283886094, 46907.534247073, 6.018513770979431, 0.0, 5.443789642685206, 0.00038569460791942586, 0.0, 0.0, 1.119616859748379, 172176.94419646417, 20.65476119592571, 33.78604314034312]","[[0.0, 0.0, 0.0, 0.0, 0.0, 0.0, 0.0, 0.0, 0.0, 0.0, 0.0, 0.0, 0.0, 0.0, 0.0], [0.0, 0.0, 0.0, 0.0, 0.0, 0.0, 0.0, 0.0, 0.0, 0.0, 0.0, 0.0, 0.0, 0.0, 0.0], [0.0, 0.0, 0.0, 0.0, 0.0, 0.0, 0.0, 0.0, 0.0, 0.0, 0.0, 0.0, 0.0, 0.0, 0.0], [0.0, 0.0, 0.0, 14.989262371615318, 181692.8319327731, 23.298319327731097, 0.0, 21.059757236227835, -3.9215686275227554e-05, 0.0, 0.0, -0.022875816993464106, -243996.16339869302, -1.62371615312792, 8.750700280112039], [0.0, 0.0, 0.0, 181692.8319327731, 2214697924.494185, 283842.7580850521, 0.0, 256661.38850691798, -0.4579037433252655, 0.0, 0.0, -348.24896019013704, -3003473065.8443255, -14630.814362108471, 103171.71785077667], [0.0, 0.0, 0.0, 23.298319327731097, 283842.7580850521, 36.45925642984467, 0.0, 32.89508530685, -7.130124777314818e-05, 0.0, 0.0, 0.03178847296494366, -383286.9102792634, -1.3709362532891975, 13.516085221967577], [0.0, 0.0, 0.0, 0.0, 0.0, 0.0, 0.0, 0.0, 0.0, 0.0, 0.0, 0.0, 0.0, 0.0, 0.0], [0.0, 0.0, 0.0, 21.059757236227835, 256661.38850691798, 32.89508530685, 0.0, 29.828537475596313, -5.941770647775179e-05, 0.0, 0.0, -0.048128342245989546, -346591.56684491975, -1.9698667345726157, 11.00865800865801], [0.0, 0.0, 0.0, -3.9215686275227554e-05, -0.4579037433252655, -7.130124777314818e-05, 0.0, -5.941770647775179e-05, 1.497326203204603e-07, 0.0, 0.0, -2.376708259747905e-06, 3.8477926322796923, -0.000397504456329279, 0.0024979203802787298], [0.0, 0.0, 0.0, 0.0, 0.0, 0.0, 0.0, 0.0, 0.0, 0.0, 0.0, 0.0, 0.0, 0.0, 0.0], [0.0, 0.0, 0.0, 0.0, 0.0, 0.0, 0.0, 0.0, 0.0, 0.0, 0.0, 0.0, 0.0, 0.0, 0.0], [0.0, 0.0, 0.0, -0.022875816993464106, -348.24896019013704, 0.03178847296494366, 0.0, -0.048128342245989546, -2.376708259747905e-06, 0.0, 0.0, 1.2617349970291147, 15241.771836007134, 3.4361259655377303, 0.07011289364230557], [0.0, 0.0, 0.0, -243996.16339869302, -3003473065.8443255, -383286.9102792634, 0.0, -346591.56684491975, 3.8477926322796923, 0.0, 0.0, 15241.771836007134, 29838657629.90967, 442235.8199643495, -295777.8270944742], [0.0, 0.0, 0.0, -1.62371615312792, -14630.814362108471, -1.3709362532891975, 0.0, -1.9698667345726157, -0.000397504456329279, 0.0, 0.0, 3.4361259655377303, 442235.8199643495, 429.4075205839911, -46.14243273066805], [0.0, 0.0, 0.0, 8.750700280112039, 103171.71785077667, 13.516085221967577, 0.0, 11.00865800865801, 0.0024979203802787298, 0.0, 0.0, 0.07011289364230557, -295777.8270944742, -46.14243273066805, 1148.9574738986503]]","[3, 4, 5, 7, 11, 12, 13, 14]","[0, 1, 2, 3, 4, 5, 9, 10, 11, 12, 13, 14]"
268104,"[6.0, 145124.0, 55.0, 527922288.6363636, 824878798.3333334, 527922288.6363636, 417.54545454545456, 16579.39393939394, 216.96393939393943, 45.15151515151515, 95.0, 43.39393939393939, 3035879.590909091, 50.74242424242424, 498.2878787878788]","[0.0, 0.0, 0.0, 610749565.5185391, 954296411.2211803, 610749565.5185391, 45.88033903146175, 14664.642783444262, 57.6296219832797, 49.39366982636982, 0.0, 40.759040189980524, 177513.2925889979, 2.737564755346499, 349.6376377506634]","[[0.0, 0.0, 0.0, 0.0, 0.0, 0.0, 0.0, 0.0, 0.0, 0.0, 0.0, 0.0, 0.0, 0.0, 0.0], [0.0, 0.0, 0.0, 0.0, 0.0, 0.0, 0.0, 0.0, 0.0, 0.0, 0.0, 0.0, 0.0, 0.0, 0.0], [0.0, 0.0, 0.0, 0.0, 0.0, 0.0, 0.0, 0.0, 0.0, 0.0, 0.0, 0.0, 0.0, 0.0, 0.0], [0.0, 0.0, 0.0, 3.7875372457771635e+17, 5.91802828043313e+17, 3.7875372457771635e+17, 10472521359.37063, 8920671016121.475, 20217552728.48408, 30485721568.67134, 0.0, 25035277837.62237, 25281113522812.977, -213256945.27972025, 208296807358.70636], [0.0, 0.0, 0.0, 5.91802828043313e+17, 9.246921272460799e+17, 5.91802828043313e+17, 16363320744.769218, 13938550950999.438, 31589931866.679253, 47633951974.56411, 0.0, 39117634860.82051, 39501732989474.55, -333214847.05128205, 325463881893.4103], [0.0, 0.0, 0.0, 3.7875372457771635e+17, 5.91802828043313e+17, 3.7875372457771635e+17, 10472521359.37063, 8920671016121.475, 20217552728.48408, 30485721568.67134, 0.0, 25035277837.62237, 25281113522812.977, -213256945.27972025, 208296807358.70636], [0.0, 0.0, 0.0, 10472521359.37063, 16363320744.769218, 10472521359.37063, 2137.390209790209, 204510.9972027973, 1243.2859720279823, 870.9622377622387, 0.0, 820.3356643356643, -2940448.9580419594, -0.11888111888111319, 7489.932867132868], [0.0, 0.0, 0.0, 8920671016121.475, 13938550950999.438, 8920671016121.475, 204510.9972027973, 218360236.39627042, 516220.83565501444, 707316.5086247085, 0.0, 581805.1193473197, 732355331.1482521, -7120.373892773896, 4840757.2233100245], [0.0, 0.0, 0.0, 20217552728.48408, 31589931866.679253, 20217552728.48408, 1243.2859720279823, 516220.83565501444, 3372.268304242418, 1657.5015477855611, 0.0, 1447.4955011655138, 1312215.412559447, -35.821123543123676, 12725.250694638828], [0.0, 0.0, 0.0, 30485721568.67134, 47633951974.56411, 30485721568.67134, 870.9622377622387, 707316.5086247085, 1657.5015477855611, 2477.2689976689976, 0.0, 2032.124009324008, 2073663.6167832173, -15.144988344988349, 16939.001864801863], [0.0, 0.0, 0.0, 0.0, 0.0, 0.0, 0.0, 0.0, 0.0, 0.0, 0.0, 0.0, 0.0, 0.0, 0.0], [0.0, 0.0, 0.0, 25035277837.62237, 39117634860.82051, 25035277837.62237, 820.3356643356643, 581805.1193473197, 1447.4955011655138, 2032.124009324008, 0.0, 1686.8578088578085, 1814120.3636363638, -14.235431235431236, 13987.146386946393], [0.0, 0.0, 0.0, 25281113522812.977, 39501732989474.55, 25281113522812.977, -2940448.9580419594, 732355331.1482521, 1312215.412559447, 2073663.6167832173, 0.0, 1814120.3636363638, 31995753184.953136, -54118.12237762237, 11309948.334965035], [0.0, 0.0, 0.0, -213256945.27972025, -333214847.05128205, -213256945.27972025, -0.11888111888111319, -7120.373892773896, -35.821123543123676, -15.144988344988349, 0.0, -14.235431235431236, -54118.12237762237, 7.609557109557112, -142.9862470862471], [0.0, 0.0, 0.0, 208296807358.70636, 325463881893.4103, 208296807358.70636, 7489.932867132868, 4840757.2233100245, 12725.250694638828, 16939.001864801863, 0.0, 13987.146386946393, 11309948.334965035, -142.9862470862471, 124127.19277389279]]","[3, 4, 6, 7]","[0, 1, 2, 3, 4, 5, 9, 10, 11, 12, 13, 14]"
224350,"[2.0, 124445.0, 35.0, 2000.0, 84915158.0, 2000.0, 12.0, 1033.8285714285714, 0.08999999999993762, 17.914285714285715, 180.0, 16.685714285714287, 2775563.4142857143, 87.68571428571428, 123.27142857142857]","[0.0, 0.0, 0.0, 0.0, 480041.2018316761, 0.0, 0.0, 0.5598833697790121, 6.365914308473094e-14, 0.27994168488950594, 0.0, 1.9967320239607027, 22626.53736307553, 80.15352106286728, 19.6613627115078]","[[0.0, 0.0, 0.0, 0.0, 0.0, 0.0, 0.0, 0.0, 0.0, 0.0, 0.0, 0.0, 0.0, 0.0, 0.0], [0.0, 0.0, 0.0, 0.0, 0.0, 0.0, 0.0, 0.0, 0.0, 0.0, 0.0, 0.0, 0.0, 0.0, 0.0], [0.0, 0.0, 0.0, 0.0, 0.0, 0.0, 0.0, 0.0, 0.0, 0.0, 0.0, 0.0, 0.0, 0.0, 0.0], [0.0, 0.0, 0.0, 0.0, 0.0, 0.0, 0.0, 0.0, 0.0, 0.0, 0.0, 0.0, 0.0, 0.0, 0.0], [0.0, 0.0, 0.0, 0.0, 233779259158.26086, 0.0, 0.0, 272662.26086956554, -3.1001894153286746e-08, 136331.13043478265, 0.0, 77396.31884057987, 8060593708.231892, 4426501.391304345, -431715.2463768119], [0.0, 0.0, 0.0, 0.0, 0.0, 0.0, 0.0, 0.0, 0.0, 0.0, 0.0, 0.0, 0.0, 0.0, 0.0], [0.0, 0.0, 0.0, 0.0, 0.0, 0.0, 0.0, 0.0, 0.0, 0.0, 0.0, 0.0, 0.0, 0.0, 0.0], [0.0, 0.0, 0.0, 0.0, 272662.26086956554, 0.0, 0.0, 0.31801242236024835, -3.6158239963245395e-14, 0.1590062111801243, 0.0, 0.09026915113871614, 9401.260455486543, 5.162732919254665, -0.5035196687370607], [0.0, 0.0, 0.0, 0.0, -3.1001894153286746e-08, 0.0, 0.0, -3.6158239963245395e-14, 4.111218186663149e-27, -1.807911998162264e-14, 0.0, -1.02636670729004e-14, -1.0689300404792725e-09, -5.870064269033107e-13, 5.725054660847174e-14], [0.0, 0.0, 0.0, 0.0, 136331.13043478265, 0.0, 0.0, 0.1590062111801243, -1.807911998162264e-14, 0.07950310559006205, 0.0, 0.04513457556935824, 4700.6302277432715, 2.581366459627329, -0.25175983436852983], [0.0, 0.0, 0.0, 0.0, 0.0, 0.0, 0.0, 0.0, 0.0, 0.0, 0.0, 0.0, 0.0, 0.0, 0.0], [0.0, 0.0, 0.0, 0.0, 77396.31884057987, 0.0, 0.0, 0.09026915113871614, -1.02636670729004e-14, 0.04513457556935824, 0.0, 4.04472049689441, -1374.9693581780532, -8.013250517598342, 3.6517598343685296], [0.0, 0.0, 0.0, 0.0, 8060593708.231892, 0.0, 0.0, 9401.260455486543, -1.0689300404792725e-09, 4700.6302277432715, 0.0, -1374.9693581780532, 519379905.9853001, 327422.9726708074, 30694.581573498977], [0.0, 0.0, 0.0, 0.0, 4426501.391304345, 0.0, 0.0, 5.162732919254665, -5.870064269033107e-13, 2.581366459627329, 0.0, -8.013250517598342, 327422.9726708074, 6517.696894409935, 414.2024844720497], [0.0, 0.0, 0.0, 0.0, -431715.2463768119, 0.0, 0.0, -0.5035196687370607, 5.725054660847174e-14, -0.25175983436852983, 0.0, 3.6517598343685296, 30694.581573498977, 414.2024844720497, 392.17163561076603]]","[4, 11, 12, 13, 14]","[0, 1, 2, 3, 4, 5, 9, 10, 11, 12, 13, 14]"
268109,"[10.0, 145127.0, 124216.0, 3868111.9770114943, 30219626.55172414, 7736223.712643678, 50.275862068965516, 2359.2758620689656, 3.0458045977011112, 2.0, 80.0, 1.8735632183908046, 3001787.5862068967, 54.195402298850574, 74.5632183908046]","[0.0, 0.0, 0.0, 2508391.9410325987, 19596817.11936187, 5016785.950050179, 3.6787355872914933, 1545.6455013534448, 1.9761556888679954, 0.0, 0.0, 0.3323409722942749, 213114.77591526823, 9.42464253471298, 19.24058279843856]","[[0.0, 0.0, 0.0, 0.0, 0.0, 0.0, 0.0, 0.0, 0.0, 0.0, 0.0, 0.0, 0.0, 0.0, 0.0], [0.0, 0.0, 0.0, 0.0, 0.0, 0.0, 0.0, 0.0, 0.0, 0.0, 0.0, 0.0, 0.0, 0.0, 0.0], [0.0, 0.0, 0.0, 0.0, 0.0, 0.0, 0.0, 0.0, 0.0, 0.0, 0.0, 0.0, 0.0, 0.0, 0.0], [0.0, 0.0, 0.0, 6365193270881.906, 49728085319610.234, 12730391789260.447, -4301546.5866078595, 3917284222.7040887, 5014603.166088359, 0.0, 0.0, 63801.82264100509, -305236073852.8119, -5087999.1466185525, 30728295.838679496], [0.0, 0.0, 0.0, 49728085319610.234, 388500767270292.5, 99456211635221.08, -33605865.54931837, 30603791516.77626, 39176597.38373603, 0.0, 0.0, 498453.27987169224, -2384656162935.281, -39750043.736968726, 240064836.8484362], [0.0, 0.0, 0.0, 12730391789260.447, 99456211635221.08, 25460794074069.957, -8603100.536086613, 7834571758.42903, 10029210.482466206, 0.0, 0.0, 127603.3702218658, -610472286083.004, -10175964.745522588, 61456661.30326119], [0.0, 0.0, 0.0, -4301546.5866078595, -33605865.54931837, -8603100.536086613, 13.690457097032851, -2867.018845228547, -3.3864570970328307, 0.0, 0.0, 0.08179631114675198, -282775.72173215717, 5.07337610264635, -30.099037690457095], [0.0, 0.0, 0.0, 3917284222.7040887, 30603791516.77626, 7834571758.42903, -2867.018845228547, 2416799.318364074, 3086.040356856383, 0.0, 0.0, 37.89574979951883, -176237023.8031275, -3228.9498797113056, 19141.552125100243], [0.0, 0.0, 0.0, 5014603.166088359, 39176597.38373603, 10029210.482466206, -3.3864570970328307, 3086.040356856383, 3.9506005078854036, 0.0, 0.0, 0.05020756482223985, -240639.5266748126, -4.009949746056856, 24.215250868751085], [0.0, 0.0, 0.0, 0.0, 0.0, 0.0, 0.0, 0.0, 0.0, 0.0, 0.0, 0.0, 0.0, 0.0, 0.0], [0.0, 0.0, 0.0, 0.0, 0.0, 0.0, 0.0, 0.0, 0.0, 0.0, 0.0, 0.0, 0.0, 0.0, 0.0], [0.0, 0.0, 0.0, 63801.82264100509, 498453.27987169224, 127603.3702218658, 0.08179631114675198, 37.89574979951883, 0.05020756482223985, 0.0, 0.0, 0.11173483025928893, -448.25060144346315, -0.6145415664260894, -2.0674953221063888], [0.0, 0.0, 0.0, -305236073852.8119, -2384656162935.281, -610472286083.004, -282775.72173215717, -176237023.8031275, -240639.5266748126, 0.0, 0.0, -448.25060144346315, 45946022919.38493, 31723.012028869252, -1651870.42702486], [0.0, 0.0, 0.0, -5087999.1466185525, -39750043.736968726, -10175964.745522588, 5.07337610264635, -3228.9498797113056, -4.009949746056856, 0.0, 0.0, -0.6145415664260894, 31723.012028869252, 89.85672280138998, -19.227612937717176], [0.0, 0.0, 0.0, 30728295.838679496, 240064836.8484362, 61456661.30326119, -30.099037690457095, 19141.552125100243, 24.215250868751085, 0.0, 0.0, -2.0674953221063888, -1651870.42702486, -19.227612937717176, 374.50467789361124]]","[3, 4, 5, 6, 7, 12, 13, 14]","[0, 1, 2, 3, 4, 5, 9, 10, 11, 12, 13, 14]"
159176,"[33.0, 93348.0, 70069.0, 1.0, 0.0, 1.0, 84.0, 0.0, 0.07860796000000002, 2.0, 23.0, 2.909090909090909, 2989186.0, 608.8181818181819, 77.36363636363636]","[0.0, 0.0, 0.0, 0.0, 0.0, 0.0, 0.0, 0.0, 1.3877787807814457e-17, 0.0, 0.0, 0.6680426571226848, 95729.55672385334, 27.708935814407276, 7.795951481643034]","[[0.0, 0.0, 0.0, 0.0, 0.0, 0.0, 0.0, 0.0, 0.0, 0.0, 0.0, 0.0, 0.0, 0.0, 0.0], [0.0, 0.0, 0.0, 0.0, 0.0, 0.0, 0.0, 0.0, 0.0, 0.0, 0.0, 0.0, 0.0, 0.0, 0.0], [0.0, 0.0, 0.0, 0.0, 0.0, 0.0, 0.0, 0.0, 0.0, 0.0, 0.0, 0.0, 0.0, 0.0, 0.0], [0.0, 0.0, 0.0, 0.0, 0.0, 0.0, 0.0, 0.0, 0.0, 0.0, 0.0, 0.0, 0.0, 0.0, 0.0], [0.0, 0.0, 0.0, 0.0, 0.0, 0.0, 0.0, 0.0, 0.0, 0.0, 0.0, 0.0, 0.0, 0.0, 0.0], [0.0, 0.0, 0.0, 0.0, 0.0, 0.0, 0.0, 0.0, 0.0, 0.0, 0.0, 0.0, 0.0, 0.0, 0.0], [0.0, 0.0, 0.0, 0.0, 0.0, 0.0, 0.0, 0.0, 0.0, 0.0, 0.0, 0.0, 0.0, 0.0, 0.0], [0.0, 0.0, 0.0, 0.0, 0.0, 0.0, 0.0, 0.0, 0.0, 0.0, 0.0, 0.0, 0.0, 0.0, 0.0], [0.0, 0.0, 0.0, 0.0, 0.0, 0.0, 0.0, 0.0, 2.1185229388259596e-34, 0.0, 0.0, 1.232595164407831e-33, 0.0, 7.888609052210118e-31, -5.916456789157589e-32], [0.0, 0.0, 0.0, 0.0, 0.0, 0.0, 0.0, 0.0, 0.0, 0.0, 0.0, 0.0, 0.0, 0.0, 0.0], [0.0, 0.0, 0.0, 0.0, 0.0, 0.0, 0.0, 0.0, 0.0, 0.0, 0.0, 0.0, 0.0, 0.0, 0.0], [0.0, 0.0, 0.0, 0.0, 0.0, 0.0, 0.0, 0.0, 1.232595164407831e-33, 0.0, 0.0, 0.49090909090909085, 8904.400000000001, 4.081818181818183, -4.163636363636363], [0.0, 0.0, 0.0, 0.0, 0.0, 0.0, 0.0, 0.0, 0.0, 0.0, 0.0, 8904.400000000001, 10080562833.6, -627962.1, -480539.60000000003], [0.0, 0.0, 0.0, 0.0, 0.0, 0.0, 0.0, 0.0, 7.888609052210118e-31, 0.0, 0.0, 4.081818181818183, -627962.1, 844.5636363636364, 54.77272727272729], [0.0, 0.0, 0.0, 0.0, 0.0, 0.0, 0.0, 0.0, -5.916456789157589e-32, 0.0, 0.0, -4.163636363636363, -480539.60000000003, 54.77272727272729, 66.85454545454546]]",[8],"[0, 1, 2, 3, 4, 5, 9, 10, 11, 12, 13, 14]"
268110,"[6.0, 124272.0, 102481.0, 3661442.1951219514, 1678063451.390244, 3661442.1951219514, 145.0, 65152.41463414634, 105.21951219512218, 2.0, 95.0, 35.707317073170735, 2839907.6585365855, 76.97560975609755, 647.9756097560976]","[0.0, 0.0, 0.0, 10965.813953794972, 5020300.470405968, 10965.813953794972, 0.0, 64.21305072493234, 0.8892911707848252, 0.0, 0.0, 4.3742255199594595, 96515.47556855774, 22.045947368165077, 111.28484388400217]","[[0.0, 0.0, 0.0, 0.0, 0.0, 0.0, 0.0, 0.0, 0.0, 0.0, 0.0, 0.0, 0.0, 0.0, 0.0], [0.0, 0.0, 0.0, 0.0, 0.0, 0.0, 0.0, 0.0, 0.0, 0.0, 0.0, 0.0, 0.0, 0.0, 0.0], [0.0, 0.0, 0.0, 0.0, 0.0, 0.0, 0.0, 0.0, 0.0, 0.0, 0.0, 0.0, 0.0, 0.0, 0.0], [0.0, 0.0, 0.0, 123255302.56097563, 56427970954.62196, 123255302.56097563, 0.0, 643977.3170731706, -9610.768902433867, 0.0, 0.0, 158.65853658536616, 539397501.5182924, -116333.6951219512, -110091.19512195127], [0.0, 0.0, 0.0, 56427970954.62196, 25833502233487.344, 56427970954.62196, 0.0, 294833778.08414626, -4399841.732802519, 0.0, 0.0, 72039.6170731715, 246970137422.98654, -53269767.11524391, -50385603.6652439], [0.0, 0.0, 0.0, 123255302.56097563, 56427970954.62196, 123255302.56097563, 0.0, 643977.3170731706, -9610.768902433867, 0.0, 0.0, 158.65853658536616, 539397501.5182924, -116333.6951219512, -110091.19512195127], [0.0, 0.0, 0.0, 0.0, 0.0, 0.0, 0.0, 0.0, 0.0, 0.0, 0.0, 0.0, 0.0, 0.0, 0.0], [0.0, 0.0, 0.0, 643977.3170731706, 294833778.08414626, 643977.3170731706, 0.0, 4226.398780487803, -42.953292682900866, 0.0, 0.0, -13.52560975609756, 3286914.720121951, -535.4396341463414, -453.6396341463411], [0.0, 0.0, 0.0, -9610.768902433867, -4399841.732802519, -9610.768902433867, 0.0, -42.953292682900866, 0.8106097560967414, 0.0, 0.0, -0.12664634146424988, -38466.898170658504, 9.760487804873755, 9.927987804910908], [0.0, 0.0, 0.0, 0.0, 0.0, 0.0, 0.0, 0.0, 0.0, 0.0, 0.0, 0.0, 0.0, 0.0, 0.0], [0.0, 0.0, 0.0, 0.0, 0.0, 0.0, 0.0, 0.0, 0.0, 0.0, 0.0, 0.0, 0.0, 0.0, 0.0], [0.0, 0.0, 0.0, 158.65853658536616, 72039.6170731715, 158.65853658536616, 0.0, -13.52560975609756, -0.12664634146424988, 0.0, 0.0, 19.612195121951217, -54966.702439024404, 1.2426829268292667, -4.9573170731707314], [0.0, 0.0, 0.0, 539397501.5182924, 246970137422.98654, 539397501.5182924, 0.0, 3286914.720121951, -38466.898170658504, 0.0, 0.0, -54966.702439024404, 9548117949.830488, -990428.9085365855, -4462652.608536585], [0.0, 0.0, 0.0, -116333.6951219512, -53269767.11524391, -116333.6951219512, 0.0, -535.4396341463414, 9.760487804873755, 0.0, 0.0, 1.2426829268292667, -990428.9085365855, 498.17439024390234, 827.7493902439024], [0.0, 0.0, 0.0, -110091.19512195127, -50385603.6652439, -110091.19512195127, 0.0, -453.6396341463411, 9.927987804910908, 0.0, 0.0, -4.9573170731707314, -4462652.608536585, 827.7493902439024, 12693.924390243905]]","[3, 4, 7, 11, 12, 13, 14]","[0, 1, 2, 3, 4, 5, 9, 10, 11, 12, 13, 14]"
50084,"[31.0, 37810.0, 6954.0, 87095713.8888889, 87095713.8888889, 87095713.8888889, 297.0, 7694.805555555556, 6875.817805555557, 9.0, 60.0, 8.555555555555555, 2820113.388888889, 45.27777777777778, 77.0]","[0.0, 0.0, 0.0, 258201.58700000469, 258201.58700000469, 258201.58700000469, 0.0, 22.778912573358095, 20.38136816476628, 0.0, 0.0, 0.5499719409228702, 106583.37265578576, 8.05402284269279, 14.742229591663987]","[[0.0, 0.0, 0.0, 0.0, 0.0, 0.0, 0.0, 0.0, 0.0, 0.0, 0.0, 0.0, 0.0, 0.0, 0.0], [0.0, 0.0, 0.0, 0.0, 0.0, 0.0, 0.0, 0.0, 0.0, 0.0, 0.0, 0.0, 0.0, 0.0, 0.0], [0.0, 0.0, 0.0, 0.0, 0.0, 0.0, 0.0, 0.0, 0.0, 0.0, 0.0, 0.0, 0.0, 0.0, 0.0], [0.0, 0.0, 0.0, 68572861230.15873, 68572861230.15873, 68572861230.15873, 0.0, 6049397.063492063, 5412858.745634927, 0.0, 0.0, -21279.365079365078, 15835613017.301582, 375504.6031746031, 283214.2857142857], [0.0, 0.0, 0.0, 68572861230.15873, 68572861230.15873, 68572861230.15873, 0.0, 6049397.063492063, 5412858.745634927, 0.0, 0.0, -21279.365079365078, 15835613017.301582, 375504.6031746031, 283214.2857142857], [0.0, 0.0, 0.0, 68572861230.15873, 68572861230.15873, 68572861230.15873, 0.0, 6049397.063492063, 5412858.745634927, 0.0, 0.0, -21279.365079365078, 15835613017.301582, 375504.6031746031, 283214.2857142857], [0.0, 0.0, 0.0, 0.0, 0.0, 0.0, 0.0, 0.0, 0.0, 0.0, 0.0, 0.0, 0.0, 0.0, 0.0], [0.0, 0.0, 0.0, 6049397.063492063, 6049397.063492063, 6049397.063492063, 0.0, 533.7039682539685, 477.514618253969, 0.0, 0.0, -1.86031746031746, 1393157.1063492063, 32.94126984126984, 25.71428571428571], [0.0, 0.0, 0.0, 5412858.745634927, 5412858.745634927, 5412858.745634927, 0.0, 477.514618253969, 427.2687445039698, 0.0, 0.0, -1.6797174603174536, 1249995.035477773, 29.634112698413368, 22.36297142857103], [0.0, 0.0, 0.0, 0.0, 0.0, 0.0, 0.0, 0.0, 0.0, 0.0, 0.0, 0.0, 0.0, 0.0, 0.0], [0.0, 0.0, 0.0, 0.0, 0.0, 0.0, 0.0, 0.0, 0.0, 0.0, 0.0, 0.0, 0.0, 0.0, 0.0], [0.0, 0.0, 0.0, -21279.365079365078, -21279.365079365078, -21279.365079365078, 0.0, -1.86031746031746, -1.6797174603174536, 0.0, 0.0, 0.311111111111111, -9672.307936507936, -0.7873015873015874, -4.628571428571428], [0.0, 0.0, 0.0, 15835613017.301582, 15835613017.301582, 15835613017.301582, 0.0, 1393157.1063492063, 1249995.035477773, 0.0, 0.0, -9672.307936507936, 11684587193.15873, -80800.11111111112, -64513.25714285714], [0.0, 0.0, 0.0, 375504.6031746031, 375504.6031746031, 375504.6031746031, 0.0, 32.94126984126984, 29.634112698413368, 0.0, 0.0, -0.7873015873015874, -80800.11111111112, 66.72063492063491, -17.599999999999994], [0.0, 0.0, 0.0, 283214.2857142857, 283214.2857142857, 283214.2857142857, 0.0, 25.71428571428571, 22.36297142857103, 0.0, 0.0, -4.628571428571428, -64513.25714285714, -17.599999999999994, 223.54285714285714]]","[3, 7, 11, 12, 13, 14]","[0, 1, 2, 3, 4, 5, 9, 10, 11, 12, 13, 14]"
225089,"[10.0, 1812.0, 99245.0, 52378.41463414634, 1636840.231707317, 52378.41463414634, 59.426829268292686, 127.52439024390245, 21.331997560975605, 2.0, 80.0, 1.5853658536585367, 2770425.8414634145, 52.792682926829265, 85.7439024390244]","[0.0, 0.0, 0.0, 15906.882734083487, 497089.8353506233, 15906.882734083487, 4.0122692557462765, 38.75886227840031, 6.441279901805904, 0.0, 0.0, 0.4926587774810767, 87054.04445928271, 11.151657215659121, 13.036357204419241]","[[0.0, 0.0, 0.0, 0.0, 0.0, 0.0, 0.0, 0.0, 0.0, 0.0, 0.0, 0.0, 0.0, 0.0, 0.0], [0.0, 0.0, 0.0, 0.0, 0.0, 0.0, 0.0, 0.0, 0.0, 0.0, 0.0, 0.0, 0.0, 0.0, 0.0], [0.0, 0.0, 0.0, 0.0, 0.0, 0.0, 0.0, 0.0, 0.0, 0.0, 0.0, 0.0, 0.0, 0.0, 0.0], [0.0, 0.0, 0.0, 256152732.1222523, 8004768850.211382, 256152732.1222523, -17707.524841915085, 624126.8169226135, 103725.63063188798, 0.0, 0.0, 28.914784703402553, 13491163.190003036, 21403.35862691961, 20330.416139716956], [0.0, 0.0, 0.0, 8004768850.211382, 250148900759.63705, 8004768850.211382, -553358.1124661248, 19503952.988105997, 3241424.3263734123, 0.0, 0.0, 903.442938873833, 421615504.03718716, 668863.5918398071, 635331.1835290575], [0.0, 0.0, 0.0, 256152732.1222523, 8004768850.211382, 256152732.1222523, -17707.524841915085, 624126.8169226135, 103725.63063188798, 0.0, 0.0, 28.914784703402553, 13491163.190003036, 21403.35862691961, 20330.416139716956], [0.0, 0.0, 0.0, -17707.524841915085, -553358.1124661248, -17707.524841915085, 16.29704908160192, -43.17720566094549, -7.17045079795242, 0.0, 0.0, -0.08009635651912049, -160.24013851249134, 5.6574826859379685, 7.036585365853658], [0.0, 0.0, 0.0, 624126.8169226135, 19503952.988105997, 624126.8169226135, -43.17720566094549, 1520.7956940680515, 252.7318370972598, 0.0, 0.0, 0.08431195423065323, 24144.590334236644, 51.91252634748568, 48.691508581752494], [0.0, 0.0, 0.0, 103725.63063188798, 3241424.3263734123, 103725.63063188798, -7.17045079795242, 252.7318370972598, 42.002310066907555, 0.0, 0.0, 0.011680457693465844, 5463.632230472744, 8.666504426377596, 8.232558626919603], [0.0, 0.0, 0.0, 0.0, 0.0, 0.0, 0.0, 0.0, 0.0, 0.0, 0.0, 0.0, 0.0, 0.0, 0.0], [0.0, 0.0, 0.0, 0.0, 0.0, 0.0, 0.0, 0.0, 0.0, 0.0, 0.0, 0.0, 0.0, 0.0, 0.0], [0.0, 0.0, 0.0, 28.914784703402553, 903.442938873833, 28.914784703402553, -0.08009635651912049, 0.08431195423065323, 0.011680457693465844, 0.0, 0.0, 0.24570912375790402, 3927.8964167419454, 0.07347184582956941, -2.3420656428786524], [0.0, 0.0, 0.0, 13491163.190003036, 421615504.03718716, 13491163.190003036, -160.24013851249134, 24144.590334236644, 5463.632230472744, 0.0, 0.0, 3927.8964167419454, 7671967232.727644, -39815.51475459199, -127387.7694971394], [0.0, 0.0, 0.0, 21403.35862691961, 668863.5918398071, 21403.35862691961, 5.6574826859379685, 51.91252634748568, 8.666504426377596, 0.0, 0.0, 0.07347184582956941, -39815.51475459199, 125.89476061427277, 10.390695573622406], [0.0, 0.0, 0.0, 20330.416139716956, 635331.1835290575, 20330.416139716956, 7.036585365853658, 48.691508581752494, 8.232558626919603, 0.0, 0.0, -2.3420656428786524, -127387.7694971394, 10.390695573622406, 172.04471544715437]]","[3, 4, 6, 7, 11, 12, 13, 14]","[0, 1, 2, 3, 4, 5, 9, 10, 11, 12, 13, 14]"
268111,"[6.0, 145128.0, 100789.0, 2093960812.142857, 13087250410.714285, 2093960812.142857, 24.0, 14704.557142857142, 6669.089785714282, 13.842857142857143, 95.0, 372.75714285714287, 3069409.7071428574, 49.214285714285715, 1060.7428571428572]","[0.0, 0.0, 0.0, 725781546.3614258, 4536131254.947464, 725781546.3614258, 0.0, 3411.362304901979, 2193.7280574109673, 3.4315165921861683, 0.0, 88.65155477071626, 150298.3665800177, 4.711362730199214, 309.92776511928827]","[[0.0, 0.0, 0.0, 0.0, 0.0, 0.0, 0.0, 0.0, 0.0, 0.0, 0.0, 0.0, 0.0, 0.0, 0.0], [0.0, 0.0, 0.0, 0.0, 0.0, 0.0, 0.0, 0.0, 0.0, 0.0, 0.0, 0.0, 0.0, 0.0, 0.0], [0.0, 0.0, 0.0, 0.0, 0.0, 0.0, 0.0, 0.0, 0.0, 0.0, 0.0, 0.0, 0.0, 0.0, 0.0], [0.0, 0.0, 0.0, 5.305484850750327e+17, 3.31592553906215e+18, 5.305484850750327e+17, 0.0, 2489926666811.173, 1600400278595.837, 2462919996.1664963, 0.0, 47120767777.07094, 33255070263570.47, 349097013.92600197, 153540710536.95786], [0.0, 0.0, 0.0, 3.31592553906215e+18, 2.0724519040975364e+19, 3.31592553906215e+18, 0.0, 15562029697375.996, 10002494036886.605, 15393240712.48716, 0.0, 294504554457.297, 207844334620502.38, 2181869142.29188, 959629013289.1061], [0.0, 0.0, 0.0, 5.305484850750327e+17, 3.31592553906215e+18, 5.305484850750327e+17, 0.0, 2489926666811.173, 1600400278595.837, 2462919996.1664963, 0.0, 47120767777.07094, 33255070263570.47, 349097013.92600197, 153540710536.95786], [0.0, 0.0, 0.0, 0.0, 0.0, 0.0, 0.0, 0.0, 0.0, 0.0, 0.0, 0.0, 0.0, 0.0, 0.0], [0.0, 0.0, 0.0, 2489926666811.173, 15562029697375.996, 2489926666811.173, 0.0, 11721115.0254882, 7536913.61227852, 11472.311202466599, 0.0, 214805.4672147997, 159322443.65354568, 1619.3042137718398, 714605.798972251], [0.0, 0.0, 0.0, 1600400278595.837, 10002494036886.605, 1600400278595.837, 0.0, 7536913.61227852, 4847064.680446716, 7366.335073997948, 0.0, 137498.8958468655, 103120512.02885763, 1038.3448663926001, 458505.255843782], [0.0, 0.0, 0.0, 2462919996.1664963, 15393240712.48716, 2462919996.1664963, 0.0, 11472.311202466599, 7366.335073997948, 11.860020554984578, 0.0, 238.65940390544708, 153332.9968139773, 1.6742034943473807, 729.6787255909557], [0.0, 0.0, 0.0, 0.0, 0.0, 0.0, 0.0, 0.0, 0.0, 0.0, 0.0, 0.0, 0.0, 0.0, 0.0], [0.0, 0.0, 0.0, 47120767777.07094, 294504554457.297, 47120767777.07094, 0.0, 214805.4672147997, 137498.8958468655, 238.65940390544708, 0.0, 7915.6384378211715, 177577.3168550868, 47.95169578622818, 7944.483864337102], [0.0, 0.0, 0.0, 33255070263570.47, 207844334620502.38, 33255070263570.47, 0.0, 159322443.65354568, 103120512.02885763, 153332.9968139773, 0.0, 177577.3168550868, 22752114097.316498, 33918.19270298047, 15237570.334224049], [0.0, 0.0, 0.0, 349097013.92600197, 2181869142.29188, 349097013.92600197, 0.0, 1619.3042137718398, 1038.3448663926001, 1.6742034943473807, 0.0, 47.95169578622818, 33918.19270298047, 22.356628982528257, 29.767728674203518], [0.0, 0.0, 0.0, 153540710536.95786, 959629013289.1061, 153540710536.95786, 0.0, 714605.798972251, 458505.255843782, 729.6787255909557, 0.0, 7944.483864337102, 15237570.334224049, 29.767728674203518, 96746.26433710175]]","[3, 4, 7, 12, 14]","[0, 1, 2, 3, 4, 5, 9, 10, 11, 12, 13, 14]"
965,"[12.0, 936.0, 692.0, 124551657.89473684, 8052331963.815789, 124551657.89473684, 204.0, 22705.052631578947, 406.4032894736845, 325.2105263157895, 60.0, 226.79605263157896, 3018982.6447368423, 53.473684210526315, 977.3881578947369]","[0.0, 0.0, 0.0, 3358915.113280946, 215065451.3832067, 3358915.113280946, 0.0, 399.16450225626994, 10.550382992319538, 186.7250170557224, 0.0, 36.781062564391064, 170762.3705639232, 5.0379446629149065, 341.3686279125873]","[[0.0, 0.0, 0.0, 0.0, 0.0, 0.0, 0.0, 0.0, 0.0, 0.0, 0.0, 0.0, 0.0, 0.0, 0.0], [0.0, 0.0, 0.0, 0.0, 0.0, 0.0, 0.0, 0.0, 0.0, 0.0, 0.0, 0.0, 0.0, 0.0, 0.0], [0.0, 0.0, 0.0, 0.0, 0.0, 0.0, 0.0, 0.0, 0.0, 0.0, 0.0, 0.0, 0.0, 0.0, 0.0], [0.0, 0.0, 0.0, 11357028027884.285, 727115870576943.0, 11357028027884.285, 0.0, 1349562627.3963046, 35672248.81491799, 287760191.7044266, 0.0, 38516916.52143604, 77922952453.81665, 17077.030324153387, 385180146.91530156], [0.0, 0.0, 0.0, 727115870576943.0, 4.655946061958074e+16, 727115870576943.0, 0.0, 86410508458.20845, 2283842580.715835, 18684317852.701275, 0.0, 2486321591.909202, 4583710690345.336, 1262255.0017427534, 25076059849.89978], [0.0, 0.0, 0.0, 11357028027884.285, 727115870576943.0, 11357028027884.285, 0.0, 1349562627.3963046, 35672248.81491799, 287760191.7044266, 0.0, 38516916.52143604, 77922952453.81665, 17077.030324153387, 385180146.91530156], [0.0, 0.0, 0.0, 0.0, 0.0, 0.0, 0.0, 0.0, 0.0, 0.0, 0.0, 0.0, 0.0, 0.0, 0.0], [0.0, 0.0, 0.0, 1349562627.3963046, 86410508458.20845, 1349562627.3963046, 0.0, 160387.48065528047, 4238.922342279524, 34551.32659463228, 0.0, 4637.639944231441, 8944219.734053683, -2.296619031021225, 46241.899965144636], [0.0, 0.0, 0.0, 35672248.81491799, 2283842580.715835, 35672248.81491799, 0.0, 4238.922342279524, 112.04773745207322, 902.9390379923221, 0.0, 120.79935081909865, 245875.54091148428, 0.06068316486615666, 1207.6722246427234], [0.0, 0.0, 0.0, 287760191.7044266, 18684317852.701275, 287760191.7044266, 0.0, 34551.32659463228, 902.9390379923221, 35097.134193098624, 0.0, 3708.87765772046, -7718494.216103172, -45.84210526315787, 51438.1627744859], [0.0, 0.0, 0.0, 0.0, 0.0, 0.0, 0.0, 0.0, 0.0, 0.0, 0.0, 0.0, 0.0, 0.0, 0.0], [0.0, 0.0, 0.0, 38516916.52143604, 2486321591.909202, 38516916.52143604, 0.0, 4637.639944231441, 120.79935081909865, 3708.87765772046, 0.0, 1361.8058121296606, 230745.3509062393, -26.286859532938315, 3037.9869728128247], [0.0, 0.0, 0.0, 77922952453.81665, 4583710690345.336, 77922952453.81665, 0.0, 8944219.734053683, 245875.54091148428, -7718494.216103172, 0.0, 230745.3509062393, 29352898374.1246, -77076.80411293135, -15319756.682380626], [0.0, 0.0, 0.0, 17077.030324153387, 1262255.0017427534, 17077.030324153387, 0.0, -2.296619031021225, 0.06068316486615666, -45.84210526315787, 0.0, -26.286859532938315, -77076.80411293135, 25.548971767166254, 115.19902405019175], [0.0, 0.0, 0.0, 385180146.91530156, 25076059849.89978, 385180146.91530156, 0.0, 46241.899965144636, 1207.6722246427234, 51438.1627744859, 0.0, 3037.9869728128247, -15319756.682380626, 115.19902405019175, 117304.27879923323]]","[3, 4, 9, 11, 12, 14]","[0, 1, 2, 3, 4, 5, 9, 10, 11, 12, 13, 14]"
108188,"[8.237942122186496, 676.0, 675.0, 155650681832.79742, 194563342282.9582, 155650681832.79742, 364.5739549839228, 259902.65273311897, 170079.6414790998, 250.0, 165.33762057877814, 684.3601286173633, 2911414.0273311897, 5076.196141479099, 793.9469453376206]","[2.1580569763212596, 0.0, 0.0, 74296491011.816, 92870637007.41418, 74296491011.816, 2.8004644971687913, 128285.07567963691, 81161.69843432546, 0.0, 60.42559533699545, 252.00452112513292, 149130.9040952537, 12966.51621284078, 389.0664505877937]","[[4.6647094459201295, 0.0, 0.0, 6062484683.970985, 7578093304.544582, 6062484683.970985, -0.28493613143410446, 6588.667303540093, 6642.114430101851, 0.0, -130.6118644857637, -492.01658459801894, 114615.66659417698, -6238.648999901623, 284.3491982126121], [0.0, 0.0, 0.0, 0.0, 0.0, 0.0, 0.0, 0.0, 0.0, 0.0, 0.0, 0.0, 0.0, 0.0, 0.0], [0.0, 0.0, 0.0, 0.0, 0.0, 0.0, 0.0, 0.0, 0.0, 0.0, 0.0, 0.0, 0.0, 0.0, 0.0], [6062484683.970985, 0.0, 0.0, 5.528857414956563e+21, 6.911073498261009e+21, 5.528857414956563e+21, 20895267609.80887, 9446726372621376.0, 6039736035382125.0, 0.0, -169749571151.1875, 3243709236987.8486, -401472652850227.5, -33684648803677.28, 24913671481482.26], [7578093304.544582, 0.0, 0.0, 6.911073498261009e+21, 8.63884403493932e+21, 6.911073498261009e+21, 26119144613.500687, 1.1808410717351418e+16, 7549671932137825.0, 0.0, -212186612527.24835, 4054639559466.3745, -501839815538677.25, -42105612131817.266, 31142102973100.38], [6062484683.970985, 0.0, 0.0, 5.528857414956563e+21, 6.911073498261009e+21, 5.528857414956563e+21, 20895267609.80887, 9446726372621376.0, 6039736035382125.0, 0.0, -169749571151.1875, 3243709236987.8486, -401472652850227.5, -33684648803677.28, 24913671481482.26], [-0.28493613143410446, 0.0, 0.0, 20895267609.80887, 26119144613.500687, 20895267609.80887, 7.855230387664317, 43556.059539897775, 22784.296444382322, 0.0, 7.978211680154918, -6.875307433814353, -6819.101058349013, -9745.455752830976, 140.39120855792189], [6588.667303540093, 0.0, 0.0, 9446726372621376.0, 1.1808410717351418e+16, 9446726372621376.0, 43556.059539897775, 16483561544.935572, 10319527791.70911, 0.0, -184482.68449912235, 5959239.848289505, -1098800026.0355814, -86555512.00424065, 42450456.82695683], [6642.114430101851, 0.0, 0.0, 6039736035382125.0, 7549671932137825.0, 6039736035382125.0, 22784.296444382322, 10319527791.70911, 6597828734.439629, 0.0, -185979.2040428516, 3542408.863299002, -435777259.3534709, -36707200.32183644, 27216747.28014302], [0.0, 0.0, 0.0, 0.0, 0.0, 0.0, 0.0, 0.0, 0.0, 0.0, 0.0, 0.0, 0.0, 0.0, 0.0], [-130.6118644857637, 0.0, 0.0, -169749571151.1875, -212186612527.24835, -169749571151.1875, 7.978211680154918, -184482.68449912235, -185979.2040428516, 0.0, 3657.1322056013705, 13776.46436874453, -3209238.6646369565, 174682.17199724537, -7961.777549953142], [-492.01658459801894, 0.0, 0.0, 3243709236987.8486, 4054639559466.3745, 3243709236987.8486, -6.875307433814353, 5959239.848289505, 3542408.863299002, 0.0, 13776.46436874453, 63608.54320642466, -8767820.95188758, 979197.4928571796, -17094.389880443847], [114615.66659417698, 0.0, 0.0, -401472652850227.5, -501839815538677.25, -401472652850227.5, -6819.101058349013, -1098800026.0355814, -435777259.3534709, 0.0, -3209238.6646369565, -8767820.95188758, 22275839803.540314, 60593226.0332779, 4724161.017555445], [-6238.648999901623, 0.0, 0.0, -33684648803677.28, -42105612131817.266, -33684648803677.28, -9745.455752830976, -86555512.00424065, -36707200.32183644, 0.0, 174682.17199724537, 979197.4928571796, 60593226.0332779, 168401284.31251332, -595262.8865174417], [284.3491982126121, 0.0, 0.0, 24913671481482.26, 31142102973100.38, 24913671481482.26, 140.39120855792189, 42450456.82695683, 27216747.28014302, 0.0, -7961.777549953142, -17094.389880443847, 4724161.017555445, -595262.8865174417, 151616.4593384801]]","[0, 6, 7, 8, 11, 12, 13, 14]","[0, 1, 2, 3, 4, 5, 9, 10, 11, 12, 13, 14]"
224715,"[10.0, 70982.0, 99043.0, 1.0, 0.0, 2.0, 16.0, 0.0, 0.000160327, 1.0, 80.0, 2.2127659574468086, 2905742.510638298, 53.755319148936174, 55.61702127659574]","[0.0, 0.0, 0.0, 0.0, 0.0, 0.0, 0.0, 0.0, 0.0, 0.0, 0.0, 0.5991543761842009, 66054.45304455895, 6.124047768294816, 6.1990156785191335]","[[0.0, 0.0, 0.0, 0.0, 0.0, 0.0, 0.0, 0.0, 0.0, 0.0, 0.0, 0.0, 0.0, 0.0, 0.0], [0.0, 0.0, 0.0, 0.0, 0.0, 0.0, 0.0, 0.0, 0.0, 0.0, 0.0, 0.0, 0.0, 0.0, 0.0], [0.0, 0.0, 0.0, 0.0, 0.0, 0.0, 0.0, 0.0, 0.0, 0.0, 0.0, 0.0, 0.0, 0.0, 0.0], [0.0, 0.0, 0.0, 0.0, 0.0, 0.0, 0.0, 0.0, 0.0, 0.0, 0.0, 0.0, 0.0, 0.0, 0.0], [0.0, 0.0, 0.0, 0.0, 0.0, 0.0, 0.0, 0.0, 0.0, 0.0, 0.0, 0.0, 0.0, 0.0, 0.0], [0.0, 0.0, 0.0, 0.0, 0.0, 0.0, 0.0, 0.0, 0.0, 0.0, 0.0, 0.0, 0.0, 0.0, 0.0], [0.0, 0.0, 0.0, 0.0, 0.0, 0.0, 0.0, 0.0, 0.0, 0.0, 0.0, 0.0, 0.0, 0.0, 0.0], [0.0, 0.0, 0.0, 0.0, 0.0, 0.0, 0.0, 0.0, 0.0, 0.0, 0.0, 0.0, 0.0, 0.0, 0.0], [0.0, 0.0, 0.0, 0.0, 0.0, 0.0, 0.0, 0.0, 0.0, 0.0, 0.0, 0.0, 0.0, 0.0, 0.0], [0.0, 0.0, 0.0, 0.0, 0.0, 0.0, 0.0, 0.0, 0.0, 0.0, 0.0, 0.0, 0.0, 0.0, 0.0], [0.0, 0.0, 0.0, 0.0, 0.0, 0.0, 0.0, 0.0, 0.0, 0.0, 0.0, 0.0, 0.0, 0.0, 0.0], [0.0, 0.0, 0.0, 0.0, 0.0, 0.0, 0.0, 0.0, 0.0, 0.0, 0.0, 0.36284603065660015, 949.5245939144367, -0.17318691374971407, -0.20796156485929992], [0.0, 0.0, 0.0, 0.0, 0.0, 0.0, 0.0, 0.0, 0.0, 0.0, 0.0, 949.5245939144367, 4410106796.7687025, -28106.787691603764, -46347.78082818579], [0.0, 0.0, 0.0, 0.0, 0.0, 0.0, 0.0, 0.0, 0.0, 0.0, 0.0, -0.17318691374971407, -28106.787691603764, 37.9072294669412, -7.2990162434225585], [0.0, 0.0, 0.0, 0.0, 0.0, 0.0, 0.0, 0.0, 0.0, 0.0, 0.0, -0.20796156485929992, -46347.78082818579, -7.2990162434225585, 38.84099748341341]]","[11, 12, 13, 14]","[0, 1, 2, 3, 4, 5, 9, 10, 11, 12, 13, 14]"
290,"[6.0, 287.0, 6.0, 33711794988.610477, 65843348063.78132, 33711794988.610477, 870.0, 117468.1867881549, 96182.72621867884, 1000.0, 95.0, 459.5649202733485, 3005348.141230068, 79.67653758542141, 3762.3621867881548]","[0.0, 0.0, 0.0, 18663467877.66171, 36452089278.027565, 18663467877.66171, 0.0, 62681.30293749747, 53238.67461017869, 0.0, 0.0, 37.00267489475889, 176103.2979632511, 32.91709985983773, 1965.702556543718]","[[0.0, 0.0, 0.0, 0.0, 0.0, 0.0, 0.0, 0.0, 0.0, 0.0, 0.0, 0.0, 0.0, 0.0, 0.0], [0.0, 0.0, 0.0, 0.0, 0.0, 0.0, 0.0, 0.0, 0.0, 0.0, 0.0, 0.0, 0.0, 0.0, 0.0], [0.0, 0.0, 0.0, 0.0, 0.0, 0.0, 0.0, 0.0, 0.0, 0.0, 0.0, 0.0, 0.0, 0.0, 0.0], [0.0, 0.0, 0.0, 3.491202958534342e+20, 6.818756447924055e+20, 3.491202958534342e+20, 0.0, 1172521068687148.0, 995886828342796.6, 0.0, 0.0, 109819265074.94199, 397098134912399.3, -8198194752.550942, 35582303335198.195], [0.0, 0.0, 0.0, 6.818756447924055e+20, 1.3317884995203553e+21, 6.818756447924055e+20, 0.0, 2290080437120225.5, 1945091652600184.2, 0.0, 0.0, 214490937397.67636, 775583806539087.2, -16011991038.682749, 69496698450588.71], [0.0, 0.0, 0.0, 3.491202958534342e+20, 6.818756447924055e+20, 3.491202958534342e+20, 0.0, 1172521068687148.0, 995886828342796.6, 0.0, 0.0, 109819265074.94199, 397098134912399.3, -8198194752.550942, 35582303335198.195], [0.0, 0.0, 0.0, 0.0, 0.0, 0.0, 0.0, 0.0, 0.0, 0.0, 0.0, 0.0, 0.0, 0.0, 0.0], [0.0, 0.0, 0.0, 1172521068687148.0, 2290080437120225.5, 1172521068687148.0, 0.0, 3937915933.691058, 3344687495.6870317, 0.0, 0.0, 368865.51296013134, 1333936547.1356614, -27575.32757096345, 119499517.42762715], [0.0, 0.0, 0.0, 995886828342796.6, 1945091652600184.2, 995886828342796.6, 0.0, 3344687495.6870317, 2840827607.7513337, 0.0, 0.0, 313265.5731227571, 1132745873.1201236, -23385.606088921435, 101500682.42180651], [0.0, 0.0, 0.0, 0.0, 0.0, 0.0, 0.0, 0.0, 0.0, 0.0, 0.0, 0.0, 0.0, 0.0, 0.0], [0.0, 0.0, 0.0, 0.0, 0.0, 0.0, 0.0, 0.0, 0.0, 0.0, 0.0, 0.0, 0.0, 0.0, 0.0], [0.0, 0.0, 0.0, 109819265074.94199, 214490937397.67636, 109819265074.94199, 0.0, 368865.51296013134, 313265.5731227571, 0.0, 0.0, 1372.32397208267, -208295.5845320933, -46.20954639539843, 9790.85200382771], [0.0, 0.0, 0.0, 397098134912399.3, 775583806539087.2, 397098134912399.3, 0.0, 1333936547.1356614, 1132745873.1201236, 0.0, 0.0, -208295.5845320933, 31083176054.797356, -73941.9907427632, 51890392.03092328], [0.0, 0.0, 0.0, -8198194752.550942, -16011991038.682749, -8198194752.550942, 0.0, -27575.32757096345, -23385.606088921435, 0.0, 0.0, -46.20954639539843, -73941.9907427632, 1086.0092884409364, 570.6197043925082], [0.0, 0.0, 0.0, 35582303335198.195, 69496698450588.71, 35582303335198.195, 0.0, 119499517.42762715, 101500682.42180651, 0.0, 0.0, 9790.85200382771, 51890392.03092328, 570.6197043925082, 3872808.4278819645]]","[3, 4, 12]","[0, 1, 2, 3, 4, 5, 9, 10, 11, 12, 13, 14]"
